#time	tref	diverr	energy	enstrophy	palinstrophy
0.000000e+00	0.000000e+00	4.906160e-09	3.572689e+04	1.255722e+04	3.424967e+05
4.950000e-01	4.950000e-01	4.814280e-08	3.553821e+04	8.027508e+03	4.781332e+04
9.900000e-01	9.900000e-01	4.779360e-08	3.536167e+04	7.609401e+03	3.228325e+04
1.485000e+00	1.485000e+00	4.730043e-08	3.520527e+04	7.355724e+03	3.198686e+04
1.980000e+00	1.980000e+00	4.687147e-08	3.505113e+04	7.218361e+03	3.751073e+04
2.475000e+00	2.475000e+00	4.643494e-08	3.489538e+04	7.084830e+03	3.867826e+04
2.970000e+00	2.970000e+00	4.607368e-08	3.474093e+04	6.952390e+03	3.111988e+04
3.465000e+00	3.465000e+00	4.570256e-08	3.458838e+04	6.849374e+03	2.800252e+04
3.960000e+00	3.960000e+00	4.535824e-08	3.443928e+04	6.757068e+03	2.434081e+04
4.455000e+00	4.455000e+00	4.502335e-08	3.429219e+04	6.683402e+03	2.322913e+04
4.950000e+00	4.950000e+00	4.469536e-08	3.414673e+04	6.609182e+03	2.405837e+04
5.445000e+00	5.445000e+00	4.438519e-08	3.400233e+04	6.546898e+03	2.462717e+04
5.940000e+00	5.940000e+00	4.408568e-08	3.385845e+04	6.481934e+03	2.360644e+04
6.435000e+00	6.435000e+00	4.379944e-08	3.371720e+04	6.413961e+03	2.201210e+04
6.930000e+00	6.930000e+00	4.353202e-08	3.357760e+04	6.346435e+03	2.086499e+04
7.425000e+00	7.425000e+00	4.330126e-08	3.344028e+04	6.281635e+03	2.017060e+04
7.920000e+00	7.920000e+00	4.311669e-08	3.330452e+04	6.220488e+03	2.002418e+04
8.415000e+00	8.415000e+00	4.297542e-08	3.316934e+04	6.159413e+03	1.984211e+04
8.910000e+00	8.910000e+00	4.286577e-08	3.303550e+04	6.098743e+03	1.947875e+04
9.405000e+00	9.405000e+00	4.277476e-08	3.290267e+04	6.042088e+03	1.903872e+04
9.900000e+00	9.900000e+00	4.268277e-08	3.277074e+04	5.985189e+03	1.852344e+04
1.039500e+01	1.039500e+01	4.256184e-08	3.264021e+04	5.927476e+03	1.771711e+04
1.089000e+01	1.089000e+01	4.239531e-08	3.251068e+04	5.869823e+03	1.688487e+04
1.138500e+01	1.138500e+01	4.217589e-08	3.238096e+04	5.814236e+03	1.652303e+04
1.188000e+01	1.188000e+01	4.188468e-08	3.225226e+04	5.759456e+03	1.672220e+04
1.237500e+01	1.237500e+01	4.152421e-08	3.212523e+04	5.705451e+03	1.670864e+04
1.287000e+01	1.287000e+01	4.112258e-08	3.199868e+04	5.645995e+03	1.533793e+04
1.336500e+01	1.336500e+01	4.072085e-08	3.187283e+04	5.589680e+03	1.482387e+04
1.386000e+01	1.386000e+01	4.034347e-08	3.174782e+04	5.533389e+03	1.443931e+04
1.435500e+01	1.435500e+01	4.000908e-08	3.162453e+04	5.472332e+03	1.317327e+04
1.485000e+01	1.485000e+01	3.973836e-08	3.150228e+04	5.415193e+03	1.195107e+04
1.534500e+01	1.534500e+01	3.950030e-08	3.138017e+04	5.361204e+03	1.128057e+04
1.584000e+01	1.584000e+01	3.925448e-08	3.125975e+04	5.304467e+03	1.082535e+04
1.633500e+01	1.633500e+01	3.897241e-08	3.114251e+04	5.249653e+03	1.048607e+04
1.683000e+01	1.683000e+01	3.864596e-08	3.102729e+04	5.191996e+03	1.023487e+04
1.732500e+01	1.732500e+01	3.830550e-08	3.091315e+04	5.131918e+03	1.011107e+04
1.782000e+01	1.782000e+01	3.797326e-08	3.080065e+04	5.077615e+03	1.009422e+04
1.831500e+01	1.831500e+01	3.763534e-08	3.069038e+04	5.022100e+03	1.026742e+04
1.881000e+01	1.881000e+01	3.729277e-08	3.058211e+04	4.965246e+03	9.871988e+03
1.930500e+01	1.930500e+01	3.696891e-08	3.047397e+04	4.911435e+03	9.753459e+03
1.980000e+01	1.980000e+01	3.667954e-08	3.036781e+04	4.856101e+03	9.637764e+03
2.029500e+01	2.029500e+01	3.641972e-08	3.026296e+04	4.802117e+03	9.434404e+03
2.079000e+01	2.079000e+01	3.619026e-08	3.015862e+04	4.751290e+03	9.264249e+03
2.128500e+01	2.128500e+01	3.598641e-08	3.005399e+04	4.700541e+03	9.122564e+03
2.178000e+01	2.178000e+01	3.582268e-08	2.995075e+04	4.648605e+03	9.072496e+03
2.227500e+01	2.227500e+01	3.569218e-08	2.984948e+04	4.599593e+03	9.038767e+03
2.277000e+01	2.277000e+01	3.558830e-08	2.975009e+04	4.551221e+03	9.058519e+03
2.326500e+01	2.326500e+01	3.549643e-08	2.965172e+04	4.501588e+03	9.142521e+03
2.376000e+01	2.376000e+01	3.540139e-08	2.955446e+04	4.449154e+03	9.323925e+03
2.425500e+01	2.425500e+01	3.529804e-08	2.945761e+04	4.400040e+03	9.562486e+03
2.475000e+01	2.475000e+01	3.518409e-08	2.936106e+04	4.352927e+03	9.641844e+03
2.524500e+01	2.524500e+01	3.506040e-08	2.926472e+04	4.307753e+03	9.766331e+03
2.574000e+01	2.574000e+01	3.492525e-08	2.916839e+04	4.262848e+03	9.903459e+03
2.623500e+01	2.623500e+01	3.477273e-08	2.907251e+04	4.216823e+03	9.965135e+03
2.673000e+01	2.673000e+01	3.460033e-08	2.897798e+04	4.171038e+03	9.954566e+03
2.722500e+01	2.722500e+01	3.441998e-08	2.888553e+04	4.124297e+03	9.968408e+03
2.772000e+01	2.772000e+01	3.422983e-08	2.879312e+04	4.083109e+03	1.001020e+04
2.821500e+01	2.821500e+01	3.403739e-08	2.870057e+04	4.041720e+03	9.903615e+03
2.871000e+01	2.871000e+01	3.385160e-08	2.860899e+04	3.999375e+03	9.777210e+03
2.920500e+01	2.920500e+01	3.369223e-08	2.851932e+04	3.958095e+03	9.705265e+03
2.970000e+01	2.970000e+01	3.354586e-08	2.843084e+04	3.917165e+03	9.614242e+03
3.019500e+01	3.019500e+01	3.340711e-08	2.834391e+04	3.876391e+03	9.584718e+03
3.069000e+01	3.069000e+01	3.326651e-08	2.825824e+04	3.838141e+03	9.492644e+03
3.118500e+01	3.118500e+01	3.311646e-08	2.817320e+04	3.799066e+03	9.367686e+03
3.168000e+01	3.168000e+01	3.294338e-08	2.808965e+04	3.761293e+03	9.334941e+03
3.217500e+01	3.217500e+01	3.278164e-08	2.800709e+04	3.725614e+03	9.320589e+03
3.267000e+01	3.267000e+01	3.264838e-08	2.792461e+04	3.690230e+03	9.307397e+03
3.316500e+01	3.316500e+01	3.253929e-08	2.784260e+04	3.650597e+03	9.184622e+03
3.366000e+01	3.366000e+01	3.244680e-08	2.776085e+04	3.612802e+03	9.012789e+03
3.415500e+01	3.415500e+01	3.235595e-08	2.768062e+04	3.575079e+03	8.900004e+03
3.465000e+01	3.465000e+01	3.227982e-08	2.760052e+04	3.538736e+03	8.815111e+03
3.514500e+01	3.514500e+01	3.219672e-08	2.751921e+04	3.501878e+03	8.856872e+03
3.564000e+01	3.564000e+01	3.210547e-08	2.743937e+04	3.465148e+03	8.872878e+03
3.613500e+01	3.613500e+01	3.204297e-08	2.736175e+04	3.430482e+03	8.819854e+03
3.663000e+01	3.663000e+01	3.199672e-08	2.728452e+04	3.394428e+03	8.741778e+03
3.712500e+01	3.712500e+01	3.194812e-08	2.720833e+04	3.361079e+03	8.735399e+03
3.762000e+01	3.762000e+01	3.188905e-08	2.713242e+04	3.327436e+03	8.756238e+03
3.811500e+01	3.811500e+01	3.181698e-08	2.705682e+04	3.293626e+03	8.790791e+03
3.861000e+01	3.861000e+01	3.174495e-08	2.698307e+04	3.261378e+03	8.775164e+03
3.910500e+01	3.910500e+01	3.168048e-08	2.691043e+04	3.230638e+03	8.792598e+03
3.960000e+01	3.960000e+01	3.161808e-08	2.683901e+04	3.200367e+03	8.796478e+03
4.009500e+01	4.009500e+01	3.154369e-08	2.676796e+04	3.172991e+03	8.944594e+03
4.059000e+01	4.059000e+01	3.142808e-08	2.669662e+04	3.145918e+03	9.209297e+03
4.108500e+01	4.108500e+01	3.125723e-08	2.662625e+04	3.118436e+03	9.654473e+03
4.158000e+01	4.158000e+01	3.105741e-08	2.655686e+04	3.093623e+03	1.030900e+04
4.207500e+01	4.207500e+01	3.082867e-08	2.648762e+04	3.069526e+03	1.116812e+04
4.257000e+01	4.257000e+01	3.058582e-08	2.641809e+04	3.047848e+03	1.239871e+04
4.306500e+01	4.306500e+01	3.034520e-08	2.634947e+04	3.031065e+03	1.324074e+04
4.356000e+01	4.356000e+01	3.010528e-08	2.628061e+04	3.013656e+03	1.333580e+04
4.405500e+01	4.405500e+01	2.988250e-08	2.621220e+04	2.992316e+03	1.361838e+04
4.455000e+01	4.455000e+01	2.967465e-08	2.614484e+04	2.971991e+03	1.405671e+04
4.504500e+01	4.504500e+01	2.948859e-08	2.607810e+04	2.952848e+03	1.500471e+04
4.554000e+01	4.554000e+01	2.932317e-08	2.601142e+04	2.931256e+03	1.546401e+04
4.603500e+01	4.603500e+01	2.919411e-08	2.594502e+04	2.909067e+03	1.543846e+04
4.653000e+01	4.653000e+01	2.909047e-08	2.587861e+04	2.886975e+03	1.538047e+04
4.702500e+01	4.702500e+01	2.898809e-08	2.581266e+04	2.864857e+03	1.536701e+04
4.752000e+01	4.752000e+01	2.888606e-08	2.574715e+04	2.841993e+03	1.557059e+04
4.801500e+01	4.801500e+01	2.881070e-08	2.568217e+04	2.819354e+03	1.581302e+04
4.851000e+01	4.851000e+01	2.877669e-08	2.561757e+04	2.797297e+03	1.602626e+04
4.900500e+01	4.900500e+01	2.879553e-08	2.555302e+04	2.774137e+03	1.622460e+04
4.950000e+01	4.950000e+01	2.885629e-08	2.548886e+04	2.750185e+03	1.619996e+04
4.999500e+01	4.999500e+01	2.892884e-08	2.542579e+04	2.723634e+03	1.593005e+04
5.049000e+01	5.049000e+01	2.900026e-08	2.536336e+04	2.696765e+03	1.549505e+04
5.098500e+01	5.098500e+01	2.904859e-08	2.530170e+04	2.669388e+03	1.498623e+04
5.148000e+01	5.148000e+01	2.905648e-08	2.524020e+04	2.643190e+03	1.454824e+04
5.197500e+01	5.197500e+01	2.900524e-08	2.517900e+04	2.616796e+03	1.416135e+04
5.247000e+01	5.247000e+01	2.889516e-08	2.511856e+04	2.591597e+03	1.389946e+04
5.296500e+01	5.296500e+01	2.873066e-08	2.505897e+04	2.566232e+03	1.372160e+04
5.346000e+01	5.346000e+01	2.853746e-08	2.499985e+04	2.543133e+03	1.366554e+04
5.395500e+01	5.395500e+01	2.834606e-08	2.494078e+04	2.522088e+03	1.357910e+04
5.445000e+01	5.445000e+01	2.817422e-08	2.488194e+04	2.500336e+03	1.329503e+04
5.494500e+01	5.494500e+01	2.803101e-08	2.482337e+04	2.479175e+03	1.275760e+04
5.544000e+01	5.544000e+01	2.792129e-08	2.476507e+04	2.456547e+03	1.197697e+04
5.593500e+01	5.593500e+01	2.784957e-08	2.470703e+04	2.431985e+03	1.110429e+04
5.643000e+01	5.643000e+01	2.780864e-08	2.464986e+04	2.407485e+03	1.042831e+04
5.692500e+01	5.692500e+01	2.778251e-08	2.459393e+04	2.382671e+03	9.951565e+03
5.742000e+01	5.742000e+01	2.776195e-08	2.453858e+04	2.360835e+03	9.558974e+03
5.791500e+01	5.791500e+01	2.772569e-08	2.448346e+04	2.340055e+03	9.296126e+03
5.841000e+01	5.841000e+01	2.766724e-08	2.442880e+04	2.319153e+03	9.100863e+03
5.890500e+01	5.890500e+01	2.758896e-08	2.437484e+04	2.297857e+03	8.980137e+03
5.940000e+01	5.940000e+01	2.748965e-08	2.432173e+04	2.277181e+03	8.822136e+03
5.989500e+01	5.989500e+01	2.737906e-08	2.426892e+04	2.255389e+03	8.579289e+03
6.039000e+01	6.039000e+01	2.726545e-08	2.421674e+04	2.234657e+03	8.438499e+03
6.088500e+01	6.088500e+01	2.716192e-08	2.416521e+04	2.213400e+03	8.303763e+03
6.138000e+01	6.138000e+01	2.706750e-08	2.411350e+04	2.191822e+03	8.223076e+03
6.187500e+01	6.187500e+01	2.697833e-08	2.406232e+04	2.171784e+03	8.253791e+03
6.237000e+01	6.237000e+01	2.690191e-08	2.401217e+04	2.151123e+03	8.261423e+03
6.286500e+01	6.286500e+01	2.684197e-08	2.396230e+04	2.130295e+03	8.257556e+03
6.336000e+01	6.336000e+01	2.681941e-08	2.391261e+04	2.111097e+03	8.203763e+03
6.385500e+01	6.385500e+01	2.682936e-08	2.386361e+04	2.092749e+03	8.189894e+03
6.435000e+01	6.435000e+01	2.685957e-08	2.381488e+04	2.074083e+03	8.194642e+03
6.484500e+01	6.484500e+01	2.689872e-08	2.376625e+04	2.054762e+03	8.314556e+03
6.534000e+01	6.534000e+01	2.697563e-08	2.371761e+04	2.037019e+03	8.391368e+03
6.583500e+01	6.583500e+01	2.707740e-08	2.366954e+04	2.017650e+03	8.493716e+03
6.633000e+01	6.633000e+01	2.718946e-08	2.362201e+04	1.999687e+03	8.755762e+03
6.682500e+01	6.682500e+01	2.729850e-08	2.357497e+04	1.982650e+03	8.828310e+03
6.732000e+01	6.732000e+01	2.737890e-08	2.352861e+04	1.964991e+03	8.613546e+03
6.781500e+01	6.781500e+01	2.742636e-08	2.348255e+04	1.948177e+03	8.369185e+03
6.831000e+01	6.831000e+01	2.744978e-08	2.343648e+04	1.930677e+03	8.185466e+03
6.880500e+01	6.880500e+01	2.744782e-08	2.339093e+04	1.912646e+03	7.912146e+03
6.930000e+01	6.930000e+01	2.742198e-08	2.334577e+04	1.894475e+03	7.545317e+03
6.979500e+01	6.979500e+01	2.737755e-08	2.330095e+04	1.877868e+03	7.171457e+03
7.029000e+01	7.029000e+01	2.731987e-08	2.325695e+04	1.862134e+03	6.907187e+03
7.078500e+01	7.078500e+01	2.725007e-08	2.321378e+04	1.845908e+03	6.618542e+03
7.128000e+01	7.128000e+01	2.716270e-08	2.317071e+04	1.830281e+03	6.315312e+03
7.177500e+01	7.177500e+01	2.706322e-08	2.312745e+04	1.815517e+03	6.139122e+03
7.227000e+01	7.227000e+01	2.695732e-08	2.308453e+04	1.800958e+03	6.131715e+03
7.276500e+01	7.276500e+01	2.686861e-08	2.304183e+04	1.786811e+03	6.192525e+03
7.326000e+01	7.326000e+01	2.679729e-08	2.299870e+04	1.774613e+03	6.449921e+03
7.375500e+01	7.375500e+01	2.673191e-08	2.295611e+04	1.760031e+03	6.806427e+03
7.425000e+01	7.425000e+01	2.667377e-08	2.291406e+04	1.745791e+03	7.124674e+03
7.474500e+01	7.474500e+01	2.661431e-08	2.287238e+04	1.732076e+03	7.231329e+03
7.524000e+01	7.524000e+01	2.655008e-08	2.283081e+04	1.718638e+03	7.420028e+03
7.573500e+01	7.573500e+01	2.648705e-08	2.278968e+04	1.705257e+03	7.623858e+03
7.623000e+01	7.623000e+01	2.642199e-08	2.274877e+04	1.692463e+03	7.745357e+03
7.672500e+01	7.672500e+01	2.635895e-08	2.270821e+04	1.680142e+03	7.724793e+03
7.722000e+01	7.722000e+01	2.630008e-08	2.266813e+04	1.668044e+03	7.604150e+03
7.771500e+01	7.771500e+01	2.624377e-08	2.262856e+04	1.655349e+03	7.453492e+03
7.821000e+01	7.821000e+01	2.618572e-08	2.258960e+04	1.641288e+03	7.130914e+03
7.870500e+01	7.870500e+01	2.612166e-08	2.255128e+04	1.628788e+03	6.879413e+03
7.920000e+01	7.920000e+01	2.604664e-08	2.251315e+04	1.616597e+03	6.640175e+03
7.969500e+01	7.969500e+01	2.596712e-08	2.247520e+04	1.604530e+03	6.418134e+03
8.019000e+01	8.019000e+01	2.590188e-08	2.243786e+04	1.592497e+03	6.277910e+03
8.068500e+01	8.068500e+01	2.586538e-08	2.240106e+04	1.582010e+03	6.169588e+03
8.118000e+01	8.118000e+01	2.586539e-08	2.236476e+04	1.571903e+03	6.072434e+03
8.167500e+01	8.167500e+01	2.590405e-08	2.232846e+04	1.561024e+03	5.942115e+03
8.217000e+01	8.217000e+01	2.597698e-08	2.229214e+04	1.549935e+03	5.819216e+03
8.266500e+01	8.266500e+01	2.608667e-08	2.225628e+04	1.539389e+03	5.720880e+03
8.316000e+01	8.316000e+01	2.622067e-08	2.222071e+04	1.529131e+03	5.624887e+03
8.365500e+01	8.365500e+01	2.636230e-08	2.218555e+04	1.519256e+03	5.530895e+03
8.415000e+01	8.415000e+01	2.648545e-08	2.215089e+04	1.508690e+03	5.458581e+03
8.464500e+01	8.464500e+01	2.656757e-08	2.211646e+04	1.498190e+03	5.384457e+03
8.514000e+01	8.514000e+01	2.657435e-08	2.208183e+04	1.488344e+03	5.307864e+03
8.563500e+01	8.563500e+01	2.647423e-08	2.204740e+04	1.478129e+03	5.227411e+03
8.613000e+01	8.613000e+01	2.627421e-08	2.201382e+04	1.467930e+03	5.176798e+03
8.662500e+01	8.662500e+01	2.600856e-08	2.198068e+04	1.458223e+03	5.137153e+03
8.712000e+01	8.712000e+01	2.573239e-08	2.194787e+04	1.448229e+03	5.034634e+03
8.761500e+01	8.761500e+01	2.549101e-08	2.191537e+04	1.437759e+03	4.900825e+03
8.811000e+01	8.811000e+01	2.530590e-08	2.188266e+04	1.427329e+03	4.821722e+03
8.860500e+01	8.860500e+01	2.517945e-08	2.184964e+04	1.418786e+03	4.808688e+03
8.910000e+01	8.910000e+01	2.509156e-08	2.181699e+04	1.409242e+03	4.789115e+03
8.959500e+01	8.959500e+01	2.502205e-08	2.178438e+04	1.398943e+03	4.779129e+03
9.009000e+01	9.009000e+01	2.494687e-08	2.175154e+04	1.388833e+03	4.782729e+03
9.058500e+01	9.058500e+01	2.485408e-08	2.171891e+04	1.378562e+03	4.800017e+03
9.108000e+01	9.108000e+01	2.474222e-08	2.168710e+04	1.368714e+03	4.811624e+03
9.157500e+01	9.157500e+01	2.460312e-08	2.165580e+04	1.358831e+03	4.821392e+03
9.207000e+01	9.207000e+01	2.443421e-08	2.162453e+04	1.349006e+03	4.857775e+03
9.256500e+01	9.256500e+01	2.424110e-08	2.159330e+04	1.339103e+03	4.922423e+03
9.306000e+01	9.306000e+01	2.403203e-08	2.156232e+04	1.329014e+03	5.024554e+03
9.355500e+01	9.355500e+01	2.381972e-08	2.153157e+04	1.318780e+03	5.176688e+03
9.405000e+01	9.405000e+01	2.361291e-08	2.150077e+04	1.310149e+03	5.368396e+03
9.454500e+01	9.454500e+01	2.341283e-08	2.147000e+04	1.302151e+03	5.605976e+03
9.504000e+01	9.504000e+01	2.321643e-08	2.143967e+04	1.292446e+03	5.851121e+03
9.553500e+01	9.553500e+01	2.304694e-08	2.140998e+04	1.282229e+03	6.006198e+03
9.603000e+01	9.603000e+01	2.292031e-08	2.138059e+04	1.272274e+03	6.109146e+03
9.652500e+01	9.652500e+01	2.284083e-08	2.135122e+04	1.263638e+03	6.329557e+03
9.702000e+01	9.702000e+01	2.280534e-08	2.132220e+04	1.255293e+03	6.545869e+03
9.751500e+01	9.751500e+01	2.280100e-08	2.129339e+04	1.247184e+03	6.697978e+03
9.801000e+01	9.801000e+01	2.279444e-08	2.126460e+04	1.239007e+03	6.818322e+03
9.850500e+01	9.850500e+01	2.274045e-08	2.123579e+04	1.230504e+03	7.009650e+03
9.900000e+01	9.900000e+01	2.263094e-08	2.120661e+04	1.222153e+03	7.392969e+03
9.949500e+01	9.949500e+01	2.248048e-08	2.117728e+04	1.213932e+03	7.953139e+03
9.999000e+01	9.999000e+01	2.232117e-08	2.114829e+04	1.205198e+03	8.649498e+03
1.004850e+02	1.004850e+02	2.219620e-08	2.111933e+04	1.196914e+03	9.374793e+03
1.009800e+02	1.009800e+02	2.212049e-08	2.109035e+04	1.188399e+03	9.953006e+03
1.014750e+02	1.014750e+02	2.210524e-08	2.106152e+04	1.179411e+03	1.040607e+04
1.019700e+02	1.019700e+02	2.214074e-08	2.103300e+04	1.170527e+03	1.078403e+04
1.024650e+02	1.024650e+02	2.220421e-08	2.100459e+04	1.162364e+03	1.112060e+04
1.029600e+02	1.029600e+02	2.227619e-08	2.097607e+04	1.153945e+03	1.141912e+04
1.034550e+02	1.034550e+02	2.233546e-08	2.094753e+04	1.146192e+03	1.170061e+04
1.039500e+02	1.039500e+02	2.237088e-08	2.091878e+04	1.139008e+03	1.192758e+04
1.044450e+02	1.044450e+02	2.237676e-08	2.088993e+04	1.130842e+03	1.204098e+04
1.049400e+02	1.049400e+02	2.235742e-08	2.086130e+04	1.122093e+03	1.194262e+04
1.054350e+02	1.054350e+02	2.231372e-08	2.083269e+04	1.114106e+03	1.178995e+04
1.059300e+02	1.059300e+02	2.224969e-08	2.080403e+04	1.106300e+03	1.158035e+04
1.064250e+02	1.064250e+02	2.215811e-08	2.077552e+04	1.097955e+03	1.130267e+04
1.069200e+02	1.069200e+02	2.203013e-08	2.074693e+04	1.089978e+03	1.118067e+04
1.074150e+02	1.074150e+02	2.185407e-08	2.071884e+04	1.082261e+03	1.114181e+04
1.079100e+02	1.079100e+02	2.164103e-08	2.069113e+04	1.075044e+03	1.139105e+04
1.084050e+02	1.084050e+02	2.142378e-08	2.066346e+04	1.067828e+03	1.149266e+04
1.089000e+02	1.089000e+02	2.125004e-08	2.063633e+04	1.061815e+03	1.156071e+04
1.093950e+02	1.093950e+02	2.115977e-08	2.060928e+04	1.056345e+03	1.147649e+04
1.098900e+02	1.098900e+02	2.116382e-08	2.058236e+04	1.049354e+03	1.129841e+04
1.103850e+02	1.103850e+02	2.125090e-08	2.055549e+04	1.042832e+03	1.141458e+04
1.108800e+02	1.108800e+02	2.139672e-08	2.052900e+04	1.036588e+03	1.159087e+04
1.113750e+02	1.113750e+02	2.156920e-08	2.050289e+04	1.029715e+03	1.171068e+04
1.118700e+02	1.118700e+02	2.172538e-08	2.047706e+04	1.022885e+03	1.170557e+04
1.123650e+02	1.123650e+02	2.181320e-08	2.045142e+04	1.015607e+03	1.163099e+04
1.128600e+02	1.128600e+02	2.183765e-08	2.042568e+04	1.008768e+03	1.156815e+04
1.133550e+02	1.133550e+02	2.185117e-08	2.040007e+04	1.001264e+03	1.148924e+04
1.138500e+02	1.138500e+02	2.189134e-08	2.037454e+04	9.942863e+02	1.136974e+04
1.143450e+02	1.143450e+02	2.196669e-08	2.034929e+04	9.875817e+02	1.129821e+04
1.148400e+02	1.148400e+02	2.207279e-08	2.032446e+04	9.810519e+02	1.127956e+04
1.153350e+02	1.153350e+02	2.219817e-08	2.029962e+04	9.746546e+02	1.125992e+04
1.158300e+02	1.158300e+02	2.233502e-08	2.027492e+04	9.686100e+02	1.127419e+04
1.163250e+02	1.163250e+02	2.248369e-08	2.025034e+04	9.620645e+02	1.130495e+04
1.168200e+02	1.168200e+02	2.264838e-08	2.022549e+04	9.559065e+02	1.132742e+04
1.173150e+02	1.173150e+02	2.282694e-08	2.020063e+04	9.501461e+02	1.128502e+04
1.178100e+02	1.178100e+02	2.301903e-08	2.017589e+04	9.438378e+02	1.111334e+04
1.183050e+02	1.183050e+02	2.321514e-08	2.015092e+04	9.368668e+02	1.076846e+04
1.188000e+02	1.188000e+02	2.339268e-08	2.012580e+04	9.296636e+02	1.031318e+04
1.192950e+02	1.192950e+02	2.350278e-08	2.010084e+04	9.227439e+02	9.837835e+03
1.197900e+02	1.197900e+02	2.354576e-08	2.007627e+04	9.151912e+02	9.414060e+03
1.202850e+02	1.202850e+02	2.356320e-08	2.005167e+04	9.084647e+02	9.097808e+03
1.207800e+02	1.207800e+02	2.358153e-08	2.002727e+04	9.022836e+02	8.846943e+03
1.212750e+02	1.212750e+02	2.360823e-08	2.000346e+04	8.950793e+02	8.589035e+03
1.217700e+02	1.217700e+02	2.365933e-08	1.997969e+04	8.888542e+02	8.396456e+03
1.222650e+02	1.222650e+02	2.373723e-08	1.995608e+04	8.827046e+02	8.206534e+03
1.227600e+02	1.227600e+02	2.385280e-08	1.993268e+04	8.765804e+02	8.085486e+03
1.232550e+02	1.232550e+02	2.401265e-08	1.990903e+04	8.712133e+02	8.029153e+03
1.237500e+02	1.237500e+02	2.420718e-08	1.988552e+04	8.659416e+02	8.043620e+03
1.242450e+02	1.242450e+02	2.443296e-08	1.986239e+04	8.605559e+02	8.122677e+03
1.247400e+02	1.247400e+02	2.470422e-08	1.983926e+04	8.557783e+02	8.274946e+03
1.252350e+02	1.252350e+02	2.502167e-08	1.981607e+04	8.508610e+02	8.381812e+03
1.257300e+02	1.257300e+02	2.536062e-08	1.979288e+04	8.459062e+02	8.470656e+03
1.262250e+02	1.262250e+02	2.569519e-08	1.976982e+04	8.403039e+02	8.571797e+03
1.267200e+02	1.267200e+02	2.602803e-08	1.974682e+04	8.354872e+02	8.622498e+03
1.272150e+02	1.272150e+02	2.636857e-08	1.972384e+04	8.299128e+02	8.596090e+03
1.277100e+02	1.277100e+02	2.671503e-08	1.970086e+04	8.245688e+02	8.504583e+03
1.282050e+02	1.282050e+02	2.705469e-08	1.967760e+04	8.190353e+02	8.367291e+03
1.287000e+02	1.287000e+02	2.738044e-08	1.965414e+04	8.140928e+02	8.175838e+03
1.291950e+02	1.291950e+02	2.767925e-08	1.963083e+04	8.093477e+02	7.993333e+03
1.296900e+02	1.296900e+02	2.794306e-08	1.960772e+04	8.038939e+02	7.827669e+03
1.301850e+02	1.301850e+02	2.817921e-08	1.958483e+04	7.977628e+02	7.712136e+03
1.306800e+02	1.306800e+02	2.838787e-08	1.956208e+04	7.914940e+02	7.598397e+03
1.311750e+02	1.311750e+02	2.857289e-08	1.953956e+04	7.855357e+02	7.518368e+03
1.316700e+02	1.316700e+02	2.875131e-08	1.951723e+04	7.799118e+02	7.455507e+03
1.321650e+02	1.321650e+02	2.892676e-08	1.949505e+04	7.745282e+02	7.387167e+03
1.326600e+02	1.326600e+02	2.910088e-08	1.947314e+04	7.695960e+02	7.328094e+03
1.331550e+02	1.331550e+02	2.926668e-08	1.945151e+04	7.644163e+02	7.283027e+03
1.336500e+02	1.336500e+02	2.942522e-08	1.943005e+04	7.596372e+02	7.234773e+03
1.341450e+02	1.341450e+02	2.957178e-08	1.940864e+04	7.543444e+02	7.178310e+03
1.346400e+02	1.346400e+02	2.968669e-08	1.938741e+04	7.492781e+02	7.129049e+03
1.351350e+02	1.351350e+02	2.975951e-08	1.936640e+04	7.443991e+02	7.089571e+03
1.356300e+02	1.356300e+02	2.978588e-08	1.934554e+04	7.396255e+02	7.043008e+03
1.361250e+02	1.361250e+02	2.977402e-08	1.932476e+04	7.350193e+02	6.992847e+03
1.366200e+02	1.366200e+02	2.971732e-08	1.930407e+04	7.303178e+02	6.929378e+03
1.371150e+02	1.371150e+02	2.961702e-08	1.928353e+04	7.255276e+02	6.841732e+03
1.376100e+02	1.376100e+02	2.946095e-08	1.926317e+04	7.204659e+02	6.728204e+03
1.381050e+02	1.381050e+02	2.925212e-08	1.924308e+04	7.144013e+02	6.565886e+03
1.386000e+02	1.386000e+02	2.898250e-08	1.922322e+04	7.081578e+02	6.367361e+03
1.390950e+02	1.390950e+02	2.866341e-08	1.920348e+04	7.022737e+02	6.107004e+03
1.395900e+02	1.395900e+02	2.827777e-08	1.918412e+04	6.967528e+02	5.828372e+03
1.400850e+02	1.400850e+02	2.785221e-08	1.916497e+04	6.912553e+02	5.574123e+03
1.405800e+02	1.405800e+02	2.738832e-08	1.914587e+04	6.858849e+02	5.353916e+03
1.410750e+02	1.410750e+02	2.691680e-08	1.912709e+04	6.804395e+02	5.164871e+03
1.415700e+02	1.415700e+02	2.648471e-08	1.910841e+04	6.750028e+02	5.011893e+03
1.420650e+02	1.420650e+02	2.609881e-08	1.908980e+04	6.695058e+02	4.889160e+03
1.425600e+02	1.425600e+02	2.577529e-08	1.907130e+04	6.642745e+02	4.785951e+03
1.430550e+02	1.430550e+02	2.551945e-08	1.905295e+04	6.590891e+02	4.712190e+03
1.435500e+02	1.435500e+02	2.530127e-08	1.903460e+04	6.542588e+02	4.662509e+03
1.440450e+02	1.440450e+02	2.509803e-08	1.901636e+04	6.496370e+02	4.622123e+03
1.445400e+02	1.445400e+02	2.489265e-08	1.899813e+04	6.453594e+02	4.521710e+03
1.450350e+02	1.450350e+02	2.468359e-08	1.897990e+04	6.411431e+02	4.439163e+03
1.455300e+02	1.455300e+02	2.447955e-08	1.896158e+04	6.370497e+02	4.430679e+03
1.460250e+02	1.460250e+02	2.429291e-08	1.894318e+04	6.331081e+02	4.444457e+03
1.465200e+02	1.465200e+02	2.413468e-08	1.892473e+04	6.296962e+02	4.427194e+03
1.470150e+02	1.470150e+02	2.400424e-08	1.890645e+04	6.254519e+02	4.374487e+03
1.475100e+02	1.475100e+02	2.389468e-08	1.888847e+04	6.214219e+02	4.314044e+03
1.480050e+02	1.480050e+02	2.379892e-08	1.887058e+04	6.174588e+02	4.255540e+03
1.485000e+02	1.485000e+02	2.371064e-08	1.885265e+04	6.135009e+02	4.194605e+03
1.489950e+02	1.489950e+02	2.362645e-08	1.883482e+04	6.097911e+02	4.123403e+03
1.494900e+02	1.494900e+02	2.354166e-08	1.881714e+04	6.061231e+02	4.027978e+03
1.499850e+02	1.499850e+02	2.345174e-08	1.879956e+04	6.022332e+02	3.928806e+03
1.504800e+02	1.504800e+02	2.335303e-08	1.878199e+04	5.983926e+02	3.836203e+03
1.509750e+02	1.509750e+02	2.324179e-08	1.876446e+04	5.947350e+02	3.734986e+03
1.514700e+02	1.514700e+02	2.311539e-08	1.874689e+04	5.910352e+02	3.609403e+03
1.519650e+02	1.519650e+02	2.297463e-08	1.872938e+04	5.873073e+02	3.474341e+03
1.524600e+02	1.524600e+02	2.282021e-08	1.871208e+04	5.836136e+02	3.357409e+03
1.529550e+02	1.529550e+02	2.265927e-08	1.869490e+04	5.802201e+02	3.268055e+03
1.534500e+02	1.534500e+02	2.249832e-08	1.867774e+04	5.771085e+02	3.209816e+03
1.539450e+02	1.539450e+02	2.234463e-08	1.866061e+04	5.740968e+02	3.191090e+03
1.544400e+02	1.544400e+02	2.220802e-08	1.864349e+04	5.712771e+02	3.208867e+03
1.549350e+02	1.549350e+02	2.209473e-08	1.862644e+04	5.687674e+02	3.266832e+03
1.554300e+02	1.554300e+02	2.200602e-08	1.860954e+04	5.663953e+02	3.372669e+03
1.559250e+02	1.559250e+02	2.194244e-08	1.859267e+04	5.640706e+02	3.485429e+03
1.564200e+02	1.564200e+02	2.189949e-08	1.857576e+04	5.617537e+02	3.519041e+03
1.569150e+02	1.569150e+02	2.187056e-08	1.855884e+04	5.592794e+02	3.576037e+03
1.574100e+02	1.574100e+02	2.185200e-08	1.854195e+04	5.569478e+02	3.617030e+03
1.579050e+02	1.579050e+02	2.184206e-08	1.852515e+04	5.544825e+02	3.628519e+03
1.584000e+02	1.584000e+02	2.183827e-08	1.850831e+04	5.520427e+02	3.650761e+03
1.588950e+02	1.588950e+02	2.184064e-08	1.849129e+04	5.496652e+02	3.674424e+03
1.593900e+02	1.593900e+02	2.185024e-08	1.847407e+04	5.471026e+02	3.663933e+03
1.598850e+02	1.598850e+02	2.186910e-08	1.845683e+04	5.444336e+02	3.651228e+03
1.603800e+02	1.603800e+02	2.190082e-08	1.843975e+04	5.416690e+02	3.625611e+03
1.608750e+02	1.608750e+02	2.194961e-08	1.842275e+04	5.389773e+02	3.599018e+03
1.613700e+02	1.613700e+02	2.201982e-08	1.840577e+04	5.363693e+02	3.590460e+03
1.618650e+02	1.618650e+02	2.211419e-08	1.838869e+04	5.339382e+02	3.612718e+03
1.623600e+02	1.623600e+02	2.223548e-08	1.837155e+04	5.317138e+02	3.648369e+03
1.628550e+02	1.628550e+02	2.239469e-08	1.835440e+04	5.294697e+02	3.662713e+03
1.633500e+02	1.633500e+02	2.260365e-08	1.833724e+04	5.271747e+02	3.667915e+03
1.638450e+02	1.638450e+02	2.286485e-08	1.832014e+04	5.249524e+02	3.672056e+03
1.643400e+02	1.643400e+02	2.317892e-08	1.830324e+04	5.226394e+02	3.679435e+03
1.648350e+02	1.648350e+02	2.354165e-08	1.828649e+04	5.203211e+02	3.724785e+03
1.653300e+02	1.653300e+02	2.393766e-08	1.826975e+04	5.182708e+02	3.818342e+03
1.658250e+02	1.658250e+02	2.434130e-08	1.825306e+04	5.165110e+02	3.872752e+03
1.663200e+02	1.663200e+02	2.472884e-08	1.823636e+04	5.149242e+02	3.914958e+03
1.668150e+02	1.668150e+02	2.508309e-08	1.821969e+04	5.128966e+02	3.991971e+03
1.673100e+02	1.673100e+02	2.540683e-08	1.820339e+04	5.102072e+02	4.074025e+03
1.678050e+02	1.678050e+02	2.571932e-08	1.818740e+04	5.073437e+02	4.167246e+03
1.683000e+02	1.683000e+02	2.603666e-08	1.817151e+04	5.045296e+02	4.274371e+03
1.687950e+02	1.687950e+02	2.636267e-08	1.815564e+04	5.020641e+02	4.384301e+03
1.692900e+02	1.692900e+02	2.667701e-08	1.813982e+04	4.996698e+02	4.472957e+03
1.697850e+02	1.697850e+02	2.694056e-08	1.812409e+04	4.971613e+02	4.565016e+03
1.702800e+02	1.702800e+02	2.712344e-08	1.810840e+04	4.948735e+02	4.672432e+03
1.707750e+02	1.707750e+02	2.722066e-08	1.809288e+04	4.927275e+02	4.806533e+03
1.712700e+02	1.712700e+02	2.725441e-08	1.807749e+04	4.904739e+02	4.934019e+03
1.717650e+02	1.717650e+02	2.726052e-08	1.806222e+04	4.879299e+02	5.028736e+03
1.722600e+02	1.722600e+02	2.726890e-08	1.804698e+04	4.850255e+02	5.044723e+03
1.727550e+02	1.727550e+02	2.729177e-08	1.803172e+04	4.820367e+02	4.968912e+03
1.732500e+02	1.732500e+02	2.732276e-08	1.801655e+04	4.787798e+02	4.839320e+03
1.737450e+02	1.737450e+02	2.734048e-08	1.800160e+04	4.757197e+02	4.726219e+03
1.742400e+02	1.742400e+02	2.732677e-08	1.798685e+04	4.731816e+02	4.705322e+03
1.747350e+02	1.747350e+02	2.727858e-08	1.797217e+04	4.712267e+02	4.785358e+03
1.752300e+02	1.752300e+02	2.720110e-08	1.795763e+04	4.691592e+02	4.904028e+03
1.757250e+02	1.757250e+02	2.709480e-08	1.794320e+04	4.670219e+02	4.988031e+03
1.762200e+02	1.762200e+02	2.695415e-08	1.792894e+04	4.645869e+02	5.019246e+03
1.767150e+02	1.767150e+02	2.677093e-08	1.791477e+04	4.621794e+02	5.020312e+03
1.772100e+02	1.772100e+02	2.654253e-08	1.790066e+04	4.599958e+02	5.018320e+03
1.777050e+02	1.777050e+02	2.627143e-08	1.788659e+04	4.578673e+02	5.018796e+03
1.782000e+02	1.782000e+02	2.596208e-08	1.787262e+04	4.557411e+02	5.021380e+03
1.786950e+02	1.786950e+02	2.562217e-08	1.785882e+04	4.534821e+02	5.022028e+03
1.791900e+02	1.791900e+02	2.526288e-08	1.784524e+04	4.510530e+02	5.022892e+03
1.796850e+02	1.796850e+02	2.490035e-08	1.783176e+04	4.486412e+02	5.032200e+03
1.801800e+02	1.801800e+02	2.455672e-08	1.781822e+04	4.466776e+02	5.057739e+03
1.806750e+02	1.806750e+02	2.424791e-08	1.780456e+04	4.449834e+02	5.101328e+03
1.811700e+02	1.811700e+02	2.398564e-08	1.779083e+04	4.433660e+02	5.152995e+03
1.816650e+02	1.816650e+02	2.377740e-08	1.777716e+04	4.415107e+02	5.204924e+03
1.821600e+02	1.821600e+02	2.362548e-08	1.776358e+04	4.395889e+02	5.242416e+03
1.826550e+02	1.826550e+02	2.352909e-08	1.775004e+04	4.377211e+02	5.267466e+03
1.831500e+02	1.831500e+02	2.348652e-08	1.773642e+04	4.359081e+02	5.280605e+03
1.836450e+02	1.836450e+02	2.349356e-08	1.772275e+04	4.343087e+02	5.287751e+03
1.841400e+02	1.841400e+02	2.354415e-08	1.770911e+04	4.327374e+02	5.292147e+03
1.846350e+02	1.846350e+02	2.363131e-08	1.769563e+04	4.311512e+02	5.295558e+03
1.851300e+02	1.851300e+02	2.374292e-08	1.768228e+04	4.295783e+02	5.297543e+03
1.856250e+02	1.856250e+02	2.386638e-08	1.766898e+04	4.280195e+02	5.294173e+03
1.861200e+02	1.861200e+02	2.399142e-08	1.765567e+04	4.264459e+02	5.288234e+03
1.866150e+02	1.866150e+02	2.410495e-08	1.764236e+04	4.249743e+02	5.284854e+03
1.871100e+02	1.871100e+02	2.419722e-08	1.762909e+04	4.235095e+02	5.277469e+03
1.876050e+02	1.876050e+02	2.426076e-08	1.761587e+04	4.220047e+02	5.263587e+03
1.881000e+02	1.881000e+02	2.428874e-08	1.760272e+04	4.203823e+02	5.236224e+03
1.885950e+02	1.885950e+02	2.427730e-08	1.758964e+04	4.185313e+02	5.189985e+03
1.890900e+02	1.890900e+02	2.422791e-08	1.757664e+04	4.166031e+02	5.128133e+03
1.895850e+02	1.895850e+02	2.414741e-08	1.756370e+04	4.145592e+02	5.050444e+03
1.900800e+02	1.900800e+02	2.404439e-08	1.755080e+04	4.124435e+02	4.957077e+03
1.905750e+02	1.905750e+02	2.392727e-08	1.753791e+04	4.102458e+02	4.848510e+03
1.910700e+02	1.910700e+02	2.380143e-08	1.752506e+04	4.079261e+02	4.725608e+03
1.915650e+02	1.915650e+02	2.366921e-08	1.751229e+04	4.055525e+02	4.591026e+03
1.920600e+02	1.920600e+02	2.353322e-08	1.749961e+04	4.031371e+02	4.446120e+03
1.925550e+02	1.925550e+02	2.339672e-08	1.748698e+04	4.007496e+02	4.296215e+03
1.930500e+02	1.930500e+02	2.326340e-08	1.747438e+04	3.983309e+02	4.147547e+03
1.935450e+02	1.935450e+02	2.313743e-08	1.746183e+04	3.957952e+02	4.005015e+03
1.940400e+02	1.940400e+02	2.302383e-08	1.744940e+04	3.933166e+02	3.871897e+03
1.945350e+02	1.945350e+02	2.292716e-08	1.743712e+04	3.910122e+02	3.749936e+03
1.950300e+02	1.950300e+02	2.284974e-08	1.742499e+04	3.888287e+02	3.641201e+03
1.955250e+02	1.955250e+02	2.279200e-08	1.741294e+04	3.867954e+02	3.545173e+03
1.960200e+02	1.960200e+02	2.275377e-08	1.740091e+04	3.848158e+02	3.458642e+03
1.965150e+02	1.965150e+02	2.273362e-08	1.738889e+04	3.828864e+02	3.379661e+03
1.970100e+02	1.970100e+02	2.272755e-08	1.737687e+04	3.810655e+02	3.304472e+03
1.975050e+02	1.975050e+02	2.272917e-08	1.736492e+04	3.792461e+02	3.229968e+03
1.980000e+02	1.980000e+02	2.273155e-08	1.735305e+04	3.773183e+02	3.157896e+03
1.984950e+02	1.984950e+02	2.272777e-08	1.734130e+04	3.753075e+02	3.091057e+03
1.989900e+02	1.989900e+02	2.271112e-08	1.732962e+04	3.733380e+02	3.031442e+03
1.994850e+02	1.994850e+02	2.267640e-08	1.731795e+04	3.715155e+02	2.974368e+03
1.999800e+02	1.999800e+02	2.262050e-08	1.730624e+04	3.696588e+02	2.919274e+03
2.004750e+02	2.004750e+02	2.254228e-08	1.729453e+04	3.677223e+02	2.871400e+03
2.009700e+02	2.009700e+02	2.244305e-08	1.728286e+04	3.659313e+02	2.831276e+03
2.014650e+02	2.014650e+02	2.232662e-08	1.727123e+04	3.642876e+02	2.799767e+03
2.019600e+02	2.019600e+02	2.219751e-08	1.725965e+04	3.626128e+02	2.777617e+03
2.024550e+02	2.024550e+02	2.206025e-08	1.724815e+04	3.609336e+02	2.764086e+03
2.029500e+02	2.029500e+02	2.191827e-08	1.723668e+04	3.593532e+02	2.760177e+03
2.034450e+02	2.034450e+02	2.177303e-08	1.722519e+04	3.578096e+02	2.762729e+03
2.039400e+02	2.039400e+02	2.162650e-08	1.721370e+04	3.562494e+02	2.765880e+03
2.044350e+02	2.044350e+02	2.148272e-08	1.720224e+04	3.547380e+02	2.765934e+03
2.049300e+02	2.049300e+02	2.134673e-08	1.719079e+04	3.532720e+02	2.761773e+03
2.054250e+02	2.054250e+02	2.122364e-08	1.717935e+04	3.518649e+02	2.755765e+03
2.059200e+02	2.059200e+02	2.111795e-08	1.716795e+04	3.505074e+02	2.749688e+03
2.064150e+02	2.064150e+02	2.103177e-08	1.715663e+04	3.491755e+02	2.744994e+03
2.069100e+02	2.069100e+02	2.096448e-08	1.714538e+04	3.478667e+02	2.741976e+03
2.074050e+02	2.074050e+02	2.091318e-08	1.713418e+04	3.465518e+02	2.739193e+03
2.079000e+02	2.079000e+02	2.087426e-08	1.712301e+04	3.452586e+02	2.735581e+03
2.083950e+02	2.083950e+02	2.084494e-08	1.711185e+04	3.440163e+02	2.733308e+03
2.088900e+02	2.088900e+02	2.082339e-08	1.710069e+04	3.428237e+02	2.737657e+03
2.093850e+02	2.093850e+02	2.080849e-08	1.708958e+04	3.416445e+02	2.746464e+03
2.098800e+02	2.098800e+02	2.079956e-08	1.707852e+04	3.404746e+02	2.757889e+03
2.103750e+02	2.103750e+02	2.079587e-08	1.706750e+04	3.393499e+02	2.766853e+03
2.108700e+02	2.108700e+02	2.079634e-08	1.705652e+04	3.382300e+02	2.769443e+03
2.113650e+02	2.113650e+02	2.080086e-08	1.704558e+04	3.370779e+02	2.780420e+03
2.118600e+02	2.118600e+02	2.081039e-08	1.703469e+04	3.359788e+02	2.808000e+03
2.123550e+02	2.123550e+02	2.082525e-08	1.702383e+04	3.349883e+02	2.843029e+03
2.128500e+02	2.128500e+02	2.084514e-08	1.701304e+04	3.340113e+02	2.879313e+03
2.133450e+02	2.133450e+02	2.087014e-08	1.700234e+04	3.330025e+02	2.923304e+03
2.138400e+02	2.138400e+02	2.090051e-08	1.699172e+04	3.319559e+02	2.973169e+03
2.143350e+02	2.143350e+02	2.093579e-08	1.698113e+04	3.309175e+02	3.013379e+03
2.148300e+02	2.148300e+02	2.097545e-08	1.697056e+04	3.298724e+02	3.045973e+03
2.153250e+02	2.153250e+02	2.101938e-08	1.696003e+04	3.288140e+02	3.080580e+03
2.158200e+02	2.158200e+02	2.106724e-08	1.694953e+04	3.278015e+02	3.119035e+03
2.163150e+02	2.163150e+02	2.111842e-08	1.693908e+04	3.268124e+02	3.158449e+03
2.168100e+02	2.168100e+02	2.117271e-08	1.692865e+04	3.258953e+02	3.200224e+03
2.173050e+02	2.173050e+02	2.123014e-08	1.691826e+04	3.249934e+02	3.241114e+03
2.178000e+02	2.178000e+02	2.129038e-08	1.690792e+04	3.240439e+02	3.279947e+03
2.182950e+02	2.182950e+02	2.135328e-08	1.689761e+04	3.231105e+02	3.318373e+03
2.187900e+02	2.187900e+02	2.141865e-08	1.688731e+04	3.221778e+02	3.347325e+03
2.192850e+02	2.192850e+02	2.148606e-08	1.687703e+04	3.211626e+02	3.346232e+03
2.197800e+02	2.197800e+02	2.155509e-08	1.686678e+04	3.200519e+02	3.306109e+03
2.202750e+02	2.202750e+02	2.162510e-08	1.685659e+04	3.188724e+02	3.252320e+03
2.207700e+02	2.207700e+02	2.169559e-08	1.684646e+04	3.177195e+02	3.218627e+03
2.212650e+02	2.212650e+02	2.176650e-08	1.683638e+04	3.166231e+02	3.207585e+03
2.217600e+02	2.217600e+02	2.183764e-08	1.682633e+04	3.155641e+02	3.201023e+03
2.222550e+02	2.222550e+02	2.190863e-08	1.681629e+04	3.145643e+02	3.181344e+03
2.227500e+02	2.227500e+02	2.197895e-08	1.680627e+04	3.135180e+02	3.151797e+03
2.232450e+02	2.232450e+02	2.204824e-08	1.679626e+04	3.124371e+02	3.120454e+03
2.237400e+02	2.237400e+02	2.211578e-08	1.678628e+04	3.113798e+02	3.092500e+03
2.242350e+02	2.242350e+02	2.218070e-08	1.677632e+04	3.103273e+02	3.070036e+03
2.247300e+02	2.247300e+02	2.224221e-08	1.676637e+04	3.093293e+02	3.057062e+03
2.252250e+02	2.252250e+02	2.229970e-08	1.675640e+04	3.084009e+02	3.054286e+03
2.257200e+02	2.257200e+02	2.235260e-08	1.674638e+04	3.075018e+02	3.057784e+03
2.262150e+02	2.262150e+02	2.240075e-08	1.673634e+04	3.066547e+02	3.064373e+03
2.267100e+02	2.267100e+02	2.244419e-08	1.672630e+04	3.058519e+02	3.073053e+03
2.272050e+02	2.272050e+02	2.248234e-08	1.671626e+04	3.051012e+02	3.084338e+03
2.277000e+02	2.277000e+02	2.251550e-08	1.670620e+04	3.044177e+02	3.100535e+03
2.281950e+02	2.281950e+02	2.254618e-08	1.669614e+04	3.038435e+02	3.123933e+03
2.286900e+02	2.286900e+02	2.257699e-08	1.668610e+04	3.033444e+02	3.155638e+03
2.291850e+02	2.291850e+02	2.260955e-08	1.667604e+04	3.029193e+02	3.195809e+03
2.296800e+02	2.296800e+02	2.264564e-08	1.666590e+04	3.025369e+02	3.243388e+03
2.301750e+02	2.301750e+02	2.268709e-08	1.665569e+04	3.022269e+02	3.299185e+03
2.306700e+02	2.306700e+02	2.273454e-08	1.664545e+04	3.019972e+02	3.369108e+03
2.311650e+02	2.311650e+02	2.278679e-08	1.663523e+04	3.018765e+02	3.455465e+03
2.316600e+02	2.316600e+02	2.284121e-08	1.662502e+04	3.018147e+02	3.553548e+03
2.321550e+02	2.321550e+02	2.289542e-08	1.661483e+04	3.018044e+02	3.655850e+03
2.326500e+02	2.326500e+02	2.294844e-08	1.660466e+04	3.017602e+02	3.760430e+03
2.331450e+02	2.331450e+02	2.299946e-08	1.659448e+04	3.017713e+02	3.866040e+03
2.336400e+02	2.336400e+02	2.304789e-08	1.658421e+04	3.018454e+02	3.966309e+03
2.341350e+02	2.341350e+02	2.309338e-08	1.657387e+04	3.019451e+02	4.053142e+03
2.346300e+02	2.346300e+02	2.313656e-08	1.656347e+04	3.019727e+02	4.119732e+03
2.351250e+02	2.351250e+02	2.317864e-08	1.655303e+04	3.019523e+02	4.167855e+03
2.356200e+02	2.356200e+02	2.322043e-08	1.654258e+04	3.019536e+02	4.202830e+03
2.361150e+02	2.361150e+02	2.326331e-08	1.653212e+04	3.019075e+02	4.230393e+03
2.366100e+02	2.366100e+02	2.330805e-08	1.652164e+04	3.017937e+02	4.256435e+03
2.371050e+02	2.371050e+02	2.335431e-08	1.651115e+04	3.016412e+02	4.284174e+03
2.376000e+02	2.376000e+02	2.340109e-08	1.650067e+04	3.014115e+02	4.310708e+03
2.380950e+02	2.380950e+02	2.344627e-08	1.649015e+04	3.010845e+02	4.329091e+03
2.385900e+02	2.385900e+02	2.348809e-08	1.647956e+04	3.006987e+02	4.334093e+03
2.390850e+02	2.390850e+02	2.352571e-08	1.646892e+04	3.002779e+02	4.325877e+03
2.395800e+02	2.395800e+02	2.355899e-08	1.645830e+04	2.998353e+02	4.310678e+03
2.400750e+02	2.400750e+02	2.358895e-08	1.644772e+04	2.994189e+02	4.294855e+03
2.405700e+02	2.405700e+02	2.361729e-08	1.643711e+04	2.990543e+02	4.282408e+03
2.410650e+02	2.410650e+02	2.364524e-08	1.642645e+04	2.987017e+02	4.275901e+03
2.415600e+02	2.415600e+02	2.367415e-08	1.641573e+04	2.982527e+02	4.269872e+03
2.420550e+02	2.420550e+02	2.370566e-08	1.640498e+04	2.976658e+02	4.260250e+03
2.425500e+02	2.425500e+02	2.374089e-08	1.639421e+04	2.969575e+02	4.244013e+03
2.430450e+02	2.430450e+02	2.378068e-08	1.638341e+04	2.961878e+02	4.227155e+03
2.435400e+02	2.435400e+02	2.382568e-08	1.637259e+04	2.953964e+02	4.216150e+03
2.440350e+02	2.440350e+02	2.387562e-08	1.636177e+04	2.945134e+02	4.212795e+03
2.445300e+02	2.445300e+02	2.392894e-08	1.635096e+04	2.934934e+02	4.218428e+03
2.450250e+02	2.450250e+02	2.398295e-08	1.634016e+04	2.923862e+02	4.231797e+03
2.455200e+02	2.455200e+02	2.403393e-08	1.632938e+04	2.911812e+02	4.247389e+03
2.460150e+02	2.460150e+02	2.407611e-08	1.631865e+04	2.899086e+02	4.263542e+03
2.465100e+02	2.465100e+02	2.410230e-08	1.630801e+04	2.886225e+02	4.275021e+03
2.470050e+02	2.470050e+02	2.410650e-08	1.629751e+04	2.872413e+02	4.259030e+03
2.475000e+02	2.475000e+02	2.408338e-08	1.628718e+04	2.856913e+02	4.205254e+03
2.479950e+02	2.479950e+02	2.402858e-08	1.627703e+04	2.841367e+02	4.132721e+03
2.484900e+02	2.484900e+02	2.394029e-08	1.626700e+04	2.826495e+02	4.050170e+03
2.489850e+02	2.489850e+02	2.381928e-08	1.625705e+04	2.810286e+02	3.934978e+03
2.494800e+02	2.494800e+02	2.367106e-08	1.624723e+04	2.794286e+02	3.794331e+03
2.499750e+02	2.499750e+02	2.350360e-08	1.623758e+04	2.778360e+02	3.650426e+03
2.504700e+02	2.504700e+02	2.332486e-08	1.622811e+04	2.762027e+02	3.505532e+03
2.509650e+02	2.509650e+02	2.314228e-08	1.621875e+04	2.744433e+02	3.368750e+03
2.514600e+02	2.514600e+02	2.296075e-08	1.620947e+04	2.727200e+02	3.254786e+03
2.519550e+02	2.519550e+02	2.278199e-08	1.620025e+04	2.712568e+02	3.171665e+03
2.524500e+02	2.524500e+02	2.260505e-08	1.619110e+04	2.701366e+02	3.110699e+03
2.529450e+02	2.529450e+02	2.243042e-08	1.618199e+04	2.691678e+02	3.061027e+03
2.534400e+02	2.534400e+02	2.225439e-08	1.617294e+04	2.682389e+02	3.018829e+03
2.539350e+02	2.539350e+02	2.207371e-08	1.616390e+04	2.674528e+02	2.979753e+03
2.544300e+02	2.544300e+02	2.188768e-08	1.615487e+04	2.666428e+02	2.941007e+03
2.549250e+02	2.549250e+02	2.169600e-08	1.614591e+04	2.657941e+02	2.904213e+03
2.554200e+02	2.554200e+02	2.150063e-08	1.613703e+04	2.649723e+02	2.870420e+03
2.559150e+02	2.559150e+02	2.130459e-08	1.612819e+04	2.642399e+02	2.837660e+03
2.564100e+02	2.564100e+02	2.111050e-08	1.611934e+04	2.634939e+02	2.805369e+03
2.569050e+02	2.569050e+02	2.092162e-08	1.611048e+04	2.627124e+02	2.772481e+03
2.574000e+02	2.574000e+02	2.073813e-08	1.610162e+04	2.619383e+02	2.739645e+03
2.578950e+02	2.578950e+02	2.056032e-08	1.609284e+04	2.611201e+02	2.708471e+03
2.583900e+02	2.583900e+02	2.039106e-08	1.608414e+04	2.603412e+02	2.678740e+03
2.588850e+02	2.588850e+02	2.023259e-08	1.607541e+04	2.595470e+02	2.651250e+03
2.593800e+02	2.593800e+02	2.008549e-08	1.606659e+04	2.587983e+02	2.625250e+03
2.598750e+02	2.598750e+02	1.994923e-08	1.605776e+04	2.581092e+02	2.601902e+03
2.603700e+02	2.603700e+02	1.982342e-08	1.604896e+04	2.574713e+02	2.580765e+03
2.608650e+02	2.608650e+02	1.970732e-08	1.604020e+04	2.568279e+02	2.560885e+03
2.613600e+02	2.613600e+02	1.959985e-08	1.603149e+04	2.561446e+02	2.543356e+03
2.618550e+02	2.618550e+02	1.950087e-08	1.602280e+04	2.554652e+02	2.528696e+03
2.623500e+02	2.623500e+02	1.941105e-08	1.601413e+04	2.548133e+02	2.516377e+03
2.628450e+02	2.628450e+02	1.932938e-08	1.600545e+04	2.541890e+02	2.505591e+03
2.633400e+02	2.633400e+02	1.925420e-08	1.599677e+04	2.536065e+02	2.495672e+03
2.638350e+02	2.638350e+02	1.918650e-08	1.598810e+04	2.530013e+02	2.486667e+03
2.643300e+02	2.643300e+02	1.912733e-08	1.597940e+04	2.523716e+02	2.479922e+03
2.648250e+02	2.648250e+02	1.907640e-08	1.597064e+04	2.517963e+02	2.473952e+03
2.653200e+02	2.653200e+02	1.903523e-08	1.596191e+04	2.512154e+02	2.468710e+03
2.658150e+02	2.658150e+02	1.900453e-08	1.595326e+04	2.506593e+02	2.464800e+03
2.663100e+02	2.663100e+02	1.898261e-08	1.594466e+04	2.501335e+02	2.462746e+03
2.668050e+02	2.668050e+02	1.896811e-08	1.593602e+04	2.496263e+02	2.462183e+03
2.673000e+02	2.673000e+02	1.895956e-08	1.592743e+04	2.491053e+02	2.463889e+03
2.677950e+02	2.677950e+02	1.895453e-08	1.591889e+04	2.485699e+02	2.467614e+03
2.682900e+02	2.682900e+02	1.895179e-08	1.591032e+04	2.480650e+02	2.472939e+03
2.687850e+02	2.687850e+02	1.895076e-08	1.590178e+04	2.475719e+02	2.480831e+03
2.692800e+02	2.692800e+02	1.894961e-08	1.589331e+04	2.471053e+02	2.492993e+03
2.697750e+02	2.697750e+02	1.894781e-08	1.588484e+04	2.466950e+02	2.511574e+03
2.702700e+02	2.702700e+02	1.894680e-08	1.587635e+04	2.463398e+02	2.538231e+03
2.707650e+02	2.707650e+02	1.894593e-08	1.586788e+04	2.460516e+02	2.570872e+03
2.712600e+02	2.712600e+02	1.894403e-08	1.585936e+04	2.457651e+02	2.603298e+03
2.717550e+02	2.717550e+02	1.894278e-08	1.585076e+04	2.454191e+02	2.630664e+03
2.722500e+02	2.722500e+02	1.894234e-08	1.584221e+04	2.449891e+02	2.652566e+03
2.727450e+02	2.727450e+02	1.894040e-08	1.583377e+04	2.444528e+02	2.670337e+03
2.732400e+02	2.732400e+02	1.893758e-08	1.582538e+04	2.438186e+02	2.679622e+03
2.737350e+02	2.737350e+02	1.893591e-08	1.581704e+04	2.430731e+02	2.668053e+03
2.742300e+02	2.742300e+02	1.893410e-08	1.580876e+04	2.422518e+02	2.629021e+03
2.747250e+02	2.747250e+02	1.893051e-08	1.580055e+04	2.414391e+02	2.582086e+03
2.752200e+02	2.752200e+02	1.892594e-08	1.579237e+04	2.407438e+02	2.552616e+03
2.757150e+02	2.757150e+02	1.892088e-08	1.578419e+04	2.401628e+02	2.542702e+03
2.762100e+02	2.762100e+02	1.891528e-08	1.577602e+04	2.395647e+02	2.539228e+03
2.767050e+02	2.767050e+02	1.890920e-08	1.576791e+04	2.389612e+02	2.531575e+03
2.772000e+02	2.772000e+02	1.890261e-08	1.575986e+04	2.383630e+02	2.516592e+03
2.776950e+02	2.776950e+02	1.889511e-08	1.575183e+04	2.377507e+02	2.495380e+03
2.781900e+02	2.781900e+02	1.888644e-08	1.574381e+04	2.370867e+02	2.471632e+03
2.786850e+02	2.786850e+02	1.887533e-08	1.573585e+04	2.364290e+02	2.452757e+03
2.791800e+02	2.791800e+02	1.886020e-08	1.572801e+04	2.358082e+02	2.438631e+03
2.796750e+02	2.796750e+02	1.884028e-08	1.572022e+04	2.351925e+02	2.420233e+03
2.801700e+02	2.801700e+02	1.881590e-08	1.571242e+04	2.345729e+02	2.398981e+03
2.806650e+02	2.806650e+02	1.878807e-08	1.570464e+04	2.339684e+02	2.382010e+03
2.811600e+02	2.811600e+02	1.875901e-08	1.569692e+04	2.334033e+02	2.370393e+03
2.816550e+02	2.816550e+02	1.873097e-08	1.568924e+04	2.328438e+02	2.360879e+03
2.821500e+02	2.821500e+02	1.870575e-08	1.568158e+04	2.322552e+02	2.353913e+03
2.826450e+02	2.826450e+02	1.868418e-08	1.567393e+04	2.317526e+02	2.361949e+03
2.831400e+02	2.831400e+02	1.866606e-08	1.566630e+04	2.313269e+02	2.383488e+03
2.836350e+02	2.836350e+02	1.865201e-08	1.565872e+04	2.307408e+02	2.382632e+03
2.841300e+02	2.841300e+02	1.864359e-08	1.565118e+04	2.300926e+02	2.359777e+03
2.846250e+02	2.846250e+02	1.864244e-08	1.564366e+04	2.295344e+02	2.334521e+03
2.851200e+02	2.851200e+02	1.864783e-08	1.563620e+04	2.290308e+02	2.317971e+03
2.856150e+02	2.856150e+02	1.865816e-08	1.562876e+04	2.286083e+02	2.312138e+03
2.861100e+02	2.861100e+02	1.867239e-08	1.562131e+04	2.282489e+02	2.317916e+03
2.866050e+02	2.866050e+02	1.868887e-08	1.561383e+04	2.279993e+02	2.330797e+03
2.871000e+02	2.871000e+02	1.870510e-08	1.560631e+04	2.278252e+02	2.340945e+03
2.875950e+02	2.875950e+02	1.871916e-08	1.559879e+04	2.276642e+02	2.346979e+03
2.880900e+02	2.880900e+02	1.872963e-08	1.559127e+04	2.274976e+02	2.346798e+03
2.885850e+02	2.885850e+02	1.873586e-08	1.558376e+04	2.273189e+02	2.350788e+03
2.890800e+02	2.890800e+02	1.873778e-08	1.557624e+04	2.271095e+02	2.363079e+03
2.895750e+02	2.895750e+02	1.873523e-08	1.556871e+04	2.268517e+02	2.379681e+03
2.900700e+02	2.900700e+02	1.872794e-08	1.556117e+04	2.265352e+02	2.384552e+03
2.905650e+02	2.905650e+02	1.871650e-08	1.555363e+04	2.261525e+02	2.366594e+03
2.910600e+02	2.910600e+02	1.870170e-08	1.554610e+04	2.257267e+02	2.337295e+03
2.915550e+02	2.915550e+02	1.868387e-08	1.553860e+04	2.253127e+02	2.311878e+03
2.920500e+02	2.920500e+02	1.866366e-08	1.553114e+04	2.249490e+02	2.299509e+03
2.925450e+02	2.925450e+02	1.864180e-08	1.552370e+04	2.246463e+02	2.299010e+03
2.930400e+02	2.930400e+02	1.861882e-08	1.551627e+04	2.243884e+02	2.302535e+03
2.935350e+02	2.935350e+02	1.859446e-08	1.550884e+04	2.241677e+02	2.306824e+03
2.940300e+02	2.940300e+02	1.856843e-08	1.550139e+04	2.239664e+02	2.313601e+03
2.945250e+02	2.945250e+02	1.854143e-08	1.549393e+04	2.237800e+02	2.327827e+03
2.950200e+02	2.950200e+02	1.851438e-08	1.548646e+04	2.236092e+02	2.350912e+03
2.955150e+02	2.955150e+02	1.848809e-08	1.547898e+04	2.234439e+02	2.377465e+03
2.960100e+02	2.960100e+02	1.846272e-08	1.547148e+04	2.232858e+02	2.403509e+03
2.965050e+02	2.965050e+02	1.843788e-08	1.546395e+04	2.231482e+02	2.430064e+03
2.970000e+02	2.970000e+02	1.841308e-08	1.545639e+04	2.230202e+02	2.460426e+03
2.974950e+02	2.974950e+02	1.838874e-08	1.544879e+04	2.228906e+02	2.495952e+03
2.979900e+02	2.979900e+02	1.836594e-08	1.544117e+04	2.227745e+02	2.533780e+03
2.984850e+02	2.984850e+02	1.834527e-08	1.543355e+04	2.226620e+02	2.572290e+03
2.989800e+02	2.989800e+02	1.832711e-08	1.542592e+04	2.225310e+02	2.610962e+03
2.994750e+02	2.994750e+02	1.831179e-08	1.541828e+04	2.223623e+02	2.647166e+03
2.999700e+02	2.999700e+02	1.830003e-08	1.541063e+04	2.221273e+02	2.676894e+03
3.004650e+02	3.004650e+02	1.829284e-08	1.540297e+04	2.218060e+02	2.696919e+03
3.009600e+02	3.009600e+02	1.829058e-08	1.539530e+04	2.214090e+02	2.705301e+03
3.014550e+02	3.014550e+02	1.829292e-08	1.538760e+04	2.209412e+02	2.703790e+03
3.019500e+02	3.019500e+02	1.829992e-08	1.537987e+04	2.203958e+02	2.697134e+03
3.024450e+02	3.024450e+02	1.831262e-08	1.537215e+04	2.198368e+02	2.689891e+03
3.029400e+02	3.029400e+02	1.833140e-08	1.536445e+04	2.193360e+02	2.683068e+03
3.034350e+02	3.034350e+02	1.835583e-08	1.535675e+04	2.188740e+02	2.676581e+03
3.039300e+02	3.039300e+02	1.838534e-08	1.534905e+04	2.184366e+02	2.671687e+03
3.044250e+02	3.044250e+02	1.841894e-08	1.534135e+04	2.180094e+02	2.668480e+03
3.049200e+02	3.049200e+02	1.845546e-08	1.533365e+04	2.175694e+02	2.666541e+03
3.054150e+02	3.054150e+02	1.849394e-08	1.532594e+04	2.171209e+02	2.666018e+03
3.059100e+02	3.059100e+02	1.853273e-08	1.531825e+04	2.166856e+02	2.665813e+03
3.064050e+02	3.064050e+02	1.857019e-08	1.531059e+04	2.162475e+02	2.664556e+03
3.069000e+02	3.069000e+02	1.860513e-08	1.530298e+04	2.158179e+02	2.662631e+03
3.073950e+02	3.073950e+02	1.863617e-08	1.529542e+04	2.154159e+02	2.660930e+03
3.078900e+02	3.078900e+02	1.866226e-08	1.528791e+04	2.150371e+02	2.660657e+03
3.083850e+02	3.083850e+02	1.868348e-08	1.528039e+04	2.146990e+02	2.664171e+03
3.088800e+02	3.088800e+02	1.870053e-08	1.527283e+04	2.144053e+02	2.673551e+03
3.093750e+02	3.093750e+02	1.871444e-08	1.526524e+04	2.141239e+02	2.689351e+03
3.098700e+02	3.098700e+02	1.872655e-08	1.525766e+04	2.138557e+02	2.709843e+03
3.103650e+02	3.103650e+02	1.873822e-08	1.525009e+04	2.136102e+02	2.733620e+03
3.108600e+02	3.108600e+02	1.875047e-08	1.524250e+04	2.133780e+02	2.759450e+03
3.113550e+02	3.113550e+02	1.876366e-08	1.523493e+04	2.131401e+02	2.785521e+03
3.118500e+02	3.118500e+02	1.877771e-08	1.522737e+04	2.128980e+02	2.811989e+03
3.123450e+02	3.123450e+02	1.879309e-08	1.521981e+04	2.126502e+02	2.836533e+03
3.128400e+02	3.128400e+02	1.881104e-08	1.521221e+04	2.123734e+02	2.855980e+03
3.133350e+02	3.133350e+02	1.883189e-08	1.520459e+04	2.120538e+02	2.869693e+03
3.138300e+02	3.138300e+02	1.885496e-08	1.519698e+04	2.117088e+02	2.879390e+03
3.143250e+02	3.143250e+02	1.887950e-08	1.518936e+04	2.113670e+02	2.886890e+03
3.148200e+02	3.148200e+02	1.890498e-08	1.518174e+04	2.110287e+02	2.893082e+03
3.153150e+02	3.153150e+02	1.893120e-08	1.517412e+04	2.106933e+02	2.899017e+03
3.158100e+02	3.158100e+02	1.895829e-08	1.516649e+04	2.103734e+02	2.905110e+03
3.163050e+02	3.163050e+02	1.898636e-08	1.515886e+04	2.100759e+02	2.910737e+03
3.168000e+02	3.168000e+02	1.901534e-08	1.515122e+04	2.097954e+02	2.915163e+03
3.172950e+02	3.172950e+02	1.904485e-08	1.514358e+04	2.095219e+02	2.918918e+03
3.177900e+02	3.177900e+02	1.907445e-08	1.513594e+04	2.092595e+02	2.922759e+03
3.182850e+02	3.182850e+02	1.910412e-08	1.512829e+04	2.090005e+02	2.926617e+03
3.187800e+02	3.187800e+02	1.913401e-08	1.512063e+04	2.087506e+02	2.932300e+03
3.192750e+02	3.192750e+02	1.916404e-08	1.511296e+04	2.085304e+02	2.942579e+03
3.197700e+02	3.197700e+02	1.919402e-08	1.510529e+04	2.083450e+02	2.957757e+03
3.202650e+02	3.202650e+02	1.922351e-08	1.509761e+04	2.081856e+02	2.976890e+03
3.207600e+02	3.207600e+02	1.925191e-08	1.508993e+04	2.080528e+02	3.001050e+03
3.212550e+02	3.212550e+02	1.927908e-08	1.508225e+04	2.079633e+02	3.031752e+03
3.217500e+02	3.217500e+02	1.930575e-08	1.507455e+04	2.079148e+02	3.066559e+03
3.222450e+02	3.222450e+02	1.933362e-08	1.506685e+04	2.079006e+02	3.101757e+03
3.227400e+02	3.227400e+02	1.936486e-08	1.505912e+04	2.079196e+02	3.135795e+03
3.232350e+02	3.232350e+02	1.940077e-08	1.505138e+04	2.079673e+02	3.167636e+03
3.237300e+02	3.237300e+02	1.944076e-08	1.504360e+04	2.080082e+02	3.194560e+03
3.242250e+02	3.242250e+02	1.948292e-08	1.503581e+04	2.079647e+02	3.215723e+03
3.247200e+02	3.247200e+02	1.952539e-08	1.502800e+04	2.078222e+02	3.234717e+03
3.252150e+02	3.252150e+02	1.956725e-08	1.502017e+04	2.076698e+02	3.254006e+03
3.257100e+02	3.257100e+02	1.960843e-08	1.501231e+04	2.075466e+02	3.273081e+03
3.262050e+02	3.262050e+02	1.964920e-08	1.500445e+04	2.074695e+02	3.291817e+03
3.267000e+02	3.267000e+02	1.968946e-08	1.499659e+04	2.074092e+02	3.312514e+03
3.271950e+02	3.271950e+02	1.972872e-08	1.498872e+04	2.073554e+02	3.336499e+03
3.276900e+02	3.276900e+02	1.976641e-08	1.498084e+04	2.072952e+02	3.364889e+03
3.281850e+02	3.281850e+02	1.980174e-08	1.497294e+04	2.072692e+02	3.399670e+03
3.286800e+02	3.286800e+02	1.983378e-08	1.496503e+04	2.073044e+02	3.439898e+03
3.291750e+02	3.291750e+02	1.986172e-08	1.495709e+04	2.073877e+02	3.484470e+03
3.296700e+02	3.296700e+02	1.988500e-08	1.494912e+04	2.075060e+02	3.533489e+03
3.301650e+02	3.301650e+02	1.990335e-08	1.494110e+04	2.076409e+02	3.583969e+03
3.306600e+02	3.306600e+02	1.991699e-08	1.493304e+04	2.077318e+02	3.632903e+03
3.311550e+02	3.311550e+02	1.992634e-08	1.492497e+04	2.077931e+02	3.679515e+03
3.316500e+02	3.316500e+02	1.993158e-08	1.491688e+04	2.079078e+02	3.724387e+03
3.321450e+02	3.321450e+02	1.993316e-08	1.490876e+04	2.080288e+02	3.766981e+03
3.326400e+02	3.326400e+02	1.993181e-08	1.490060e+04	2.080964e+02	3.807887e+03
3.331350e+02	3.331350e+02	1.992768e-08	1.489242e+04	2.081038e+02	3.847839e+03
3.336300e+02	3.336300e+02	1.992018e-08	1.488426e+04	2.080370e+02	3.884968e+03
3.341250e+02	3.341250e+02	1.990873e-08	1.487611e+04	2.079237e+02	3.919906e+03
3.346200e+02	3.346200e+02	1.989332e-08	1.486795e+04	2.078541e+02	3.953571e+03
3.351150e+02	3.351150e+02	1.987447e-08	1.485974e+04	2.078721e+02	3.985401e+03
3.356100e+02	3.356100e+02	1.985245e-08	1.485148e+04	2.078389e+02	4.012937e+03
3.361050e+02	3.361050e+02	1.982767e-08	1.484317e+04	2.076729e+02	4.033547e+03
3.366000e+02	3.366000e+02	1.980140e-08	1.483483e+04	2.074453e+02	4.044320e+03
3.370950e+02	3.370950e+02	1.977533e-08	1.482648e+04	2.071611e+02	4.046922e+03
3.375900e+02	3.375900e+02	1.975056e-08	1.481815e+04	2.068705e+02	4.042945e+03
3.380850e+02	3.380850e+02	1.972757e-08	1.480987e+04	2.065548e+02	4.035251e+03
3.385800e+02	3.385800e+02	1.970665e-08	1.480166e+04	2.062322e+02	4.024120e+03
3.390750e+02	3.390750e+02	1.968793e-08	1.479351e+04	2.057812e+02	4.007319e+03
3.395700e+02	3.395700e+02	1.967125e-08	1.478535e+04	2.053916e+02	3.987286e+03
3.400650e+02	3.400650e+02	1.965596e-08	1.477713e+04	2.050371e+02	3.961600e+03
3.405600e+02	3.405600e+02	1.964127e-08	1.476888e+04	2.046155e+02	3.931795e+03
3.410550e+02	3.410550e+02	1.962659e-08	1.476064e+04	2.041168e+02	3.897836e+03
3.415500e+02	3.415500e+02	1.961222e-08	1.475240e+04	2.036094e+02	3.860488e+03
3.420450e+02	3.420450e+02	1.959882e-08	1.474417e+04	2.030991e+02	3.822371e+03
3.425400e+02	3.425400e+02	1.958723e-08	1.473605e+04	2.025822e+02	3.783757e+03
3.430350e+02	3.430350e+02	1.957802e-08	1.472807e+04	2.020566e+02	3.743275e+03
3.435300e+02	3.435300e+02	1.957181e-08	1.472018e+04	2.015013e+02	3.703584e+03
3.440250e+02	3.440250e+02	1.956952e-08	1.471232e+04	2.010094e+02	3.664490e+03
3.445200e+02	3.445200e+02	1.957160e-08	1.470447e+04	2.005000e+02	3.626659e+03
3.450150e+02	3.450150e+02	1.957777e-08	1.469663e+04	2.000122e+02	3.590385e+03
3.455100e+02	3.455100e+02	1.958770e-08	1.468881e+04	1.995531e+02	3.554490e+03
3.460050e+02	3.460050e+02	1.960158e-08	1.468099e+04	1.990717e+02	3.519435e+03
3.465000e+02	3.465000e+02	1.961969e-08	1.467319e+04	1.986394e+02	3.486816e+03
3.469950e+02	3.469950e+02	1.964224e-08	1.466546e+04	1.981883e+02	3.456468e+03
3.474900e+02	3.474900e+02	1.966956e-08	1.465784e+04	1.977025e+02	3.429100e+03
3.479850e+02	3.479850e+02	1.970170e-08	1.465029e+04	1.973185e+02	3.404580e+03
3.484800e+02	3.484800e+02	1.973816e-08	1.464278e+04	1.968826e+02	3.380223e+03
3.489750e+02	3.489750e+02	1.977851e-08	1.463527e+04	1.964407e+02	3.358016e+03
3.494700e+02	3.494700e+02	1.982354e-08	1.462778e+04	1.961003e+02	3.339173e+03
3.499650e+02	3.499650e+02	1.987454e-08	1.462031e+04	1.957687e+02	3.321911e+03
3.504600e+02	3.504600e+02	1.993203e-08	1.461289e+04	1.954269e+02	3.306487e+03
3.509550e+02	3.509550e+02	1.999641e-08	1.460551e+04	1.951077e+02	3.293423e+03
3.514500e+02	3.514500e+02	2.006835e-08	1.459817e+04	1.947943e+02	3.280898e+03
3.519450e+02	3.519450e+02	2.014809e-08	1.459086e+04	1.944470e+02	3.268761e+03
3.524400e+02	3.524400e+02	2.023570e-08	1.458359e+04	1.941388e+02	3.257567e+03
3.529350e+02	3.529350e+02	2.033147e-08	1.457633e+04	1.938333e+02	3.246145e+03
3.534300e+02	3.534300e+02	2.043545e-08	1.456912e+04	1.934855e+02	3.234379e+03
3.539250e+02	3.539250e+02	2.054725e-08	1.456198e+04	1.931441e+02	3.222857e+03
3.544200e+02	3.544200e+02	2.066639e-08	1.455489e+04	1.927805e+02	3.210562e+03
3.549150e+02	3.549150e+02	2.079223e-08	1.454783e+04	1.923888e+02	3.197680e+03
3.554100e+02	3.554100e+02	2.092393e-08	1.454079e+04	1.920144e+02	3.184825e+03
3.559050e+02	3.559050e+02	2.106027e-08	1.453376e+04	1.916484e+02	3.171829e+03
3.564000e+02	3.564000e+02	2.119917e-08	1.452672e+04	1.912898e+02	3.158833e+03
3.568950e+02	3.568950e+02	2.133754e-08	1.451969e+04	1.909312e+02	3.145692e+03
3.573900e+02	3.573900e+02	2.147153e-08	1.451266e+04	1.905301e+02	3.132242e+03
3.578850e+02	3.578850e+02	2.159765e-08	1.450564e+04	1.900998e+02	3.118885e+03
3.583800e+02	3.583800e+02	2.171306e-08	1.449863e+04	1.896568e+02	3.105251e+03
3.588750e+02	3.588750e+02	2.181470e-08	1.449167e+04	1.891957e+02	3.090220e+03
3.593700e+02	3.593700e+02	2.189955e-08	1.448473e+04	1.887027e+02	3.074379e+03
3.598650e+02	3.598650e+02	2.196394e-08	1.447780e+04	1.881972e+02	3.059170e+03
3.603600e+02	3.603600e+02	2.200454e-08	1.447086e+04	1.877109e+02	3.044618e+03
3.608550e+02	3.608550e+02	2.201842e-08	1.446390e+04	1.872509e+02	3.029521e+03
3.613500e+02	3.613500e+02	2.200109e-08	1.445690e+04	1.867852e+02	3.013623e+03
3.618450e+02	3.618450e+02	2.194782e-08	1.444986e+04	1.863107e+02	2.997922e+03
3.623400e+02	3.623400e+02	2.185356e-08	1.444280e+04	1.858467e+02	2.982641e+03
3.628350e+02	3.628350e+02	2.171110e-08	1.443573e+04	1.853625e+02	2.967318e+03
3.633300e+02	3.633300e+02	2.151438e-08	1.442864e+04	1.848797e+02	2.951615e+03
3.638250e+02	3.638250e+02	2.125763e-08	1.442155e+04	1.844091e+02	2.935537e+03
3.643200e+02	3.643200e+02	2.093635e-08	1.441448e+04	1.839284e+02	2.918913e+03
3.648150e+02	3.648150e+02	2.055191e-08	1.440744e+04	1.834353e+02	2.901335e+03
3.653100e+02	3.653100e+02	2.011566e-08	1.440040e+04	1.829351e+02	2.883315e+03
3.658050e+02	3.658050e+02	1.964841e-08	1.439338e+04	1.824398e+02	2.865226e+03
3.663000e+02	3.663000e+02	1.917371e-08	1.438640e+04	1.819420e+02	2.847200e+03
3.667950e+02	3.667950e+02	1.871581e-08	1.437947e+04	1.814405e+02	2.829276e+03
3.672900e+02	3.672900e+02	1.829665e-08	1.437261e+04	1.809432e+02	2.811189e+03
3.677850e+02	3.677850e+02	1.793345e-08	1.436581e+04	1.804649e+02	2.792462e+03
3.682800e+02	3.682800e+02	1.763662e-08	1.435908e+04	1.800105e+02	2.772103e+03
3.687750e+02	3.687750e+02	1.741174e-08	1.435241e+04	1.795223e+02	2.749493e+03
3.692700e+02	3.692700e+02	1.726200e-08	1.434579e+04	1.789800e+02	2.725628e+03
3.697650e+02	3.697650e+02	1.718721e-08	1.433918e+04	1.784541e+02	2.700763e+03
3.702600e+02	3.702600e+02	1.718424e-08	1.433257e+04	1.779431e+02	2.674286e+03
3.707550e+02	3.707550e+02	1.724753e-08	1.432598e+04	1.773991e+02	2.646539e+03
3.712500e+02	3.712500e+02	1.736768e-08	1.431946e+04	1.768515e+02	2.618065e+03
3.717450e+02	3.717450e+02	1.753173e-08	1.431301e+04	1.763132e+02	2.588807e+03
3.722400e+02	3.722400e+02	1.772703e-08	1.430664e+04	1.757667e+02	2.559087e+03
3.727350e+02	3.727350e+02	1.794277e-08	1.430029e+04	1.752294e+02	2.529293e+03
3.732300e+02	3.732300e+02	1.816889e-08	1.429395e+04	1.747025e+02	2.498846e+03
3.737250e+02	3.737250e+02	1.839681e-08	1.428762e+04	1.741653e+02	2.467106e+03
3.742200e+02	3.742200e+02	1.862038e-08	1.428133e+04	1.736145e+02	2.433524e+03
3.747150e+02	3.747150e+02	1.883596e-08	1.427509e+04	1.730588e+02	2.397734e+03
3.752100e+02	3.752100e+02	1.904100e-08	1.426888e+04	1.725007e+02	2.359295e+03
3.757050e+02	3.757050e+02	1.923280e-08	1.426270e+04	1.719327e+02	2.317928e+03
3.762000e+02	3.762000e+02	1.941014e-08	1.425653e+04	1.713564e+02	2.273922e+03
3.766950e+02	3.766950e+02	1.957445e-08	1.425036e+04	1.707804e+02	2.227063e+03
3.771900e+02	3.771900e+02	1.972901e-08	1.424419e+04	1.701971e+02	2.177237e+03
3.776850e+02	3.776850e+02	1.987798e-08	1.423802e+04	1.695958e+02	2.124823e+03
3.781800e+02	3.781800e+02	2.002542e-08	1.423186e+04	1.689609e+02	2.070300e+03
3.786750e+02	3.786750e+02	2.017300e-08	1.422574e+04	1.683022e+02	2.014445e+03
3.791700e+02	3.791700e+02	2.032150e-08	1.421968e+04	1.676294e+02	1.957922e+03
3.796650e+02	3.796650e+02	2.047453e-08	1.421367e+04	1.669418e+02	1.901456e+03
3.801600e+02	3.801600e+02	2.063774e-08	1.420769e+04	1.662389e+02	1.846118e+03
3.806550e+02	3.806550e+02	2.081574e-08	1.420171e+04	1.655434e+02	1.793319e+03
3.811500e+02	3.811500e+02	2.101073e-08	1.419570e+04	1.648705e+02	1.743766e+03
3.816450e+02	3.816450e+02	2.122304e-08	1.418970e+04	1.642174e+02	1.697451e+03
3.821400e+02	3.821400e+02	2.145142e-08	1.418371e+04	1.635749e+02	1.654032e+03
3.826350e+02	3.826350e+02	2.169351e-08	1.417772e+04	1.629465e+02	1.613142e+03
3.831300e+02	3.831300e+02	2.194671e-08	1.417175e+04	1.623289e+02	1.574200e+03
3.836250e+02	3.836250e+02	2.220862e-08	1.416579e+04	1.617058e+02	1.536790e+03
3.841200e+02	3.841200e+02	2.247728e-08	1.415985e+04	1.610826e+02	1.501174e+03
3.846150e+02	3.846150e+02	2.275073e-08	1.415393e+04	1.604874e+02	1.467499e+03
3.851100e+02	3.851100e+02	2.302725e-08	1.414802e+04	1.599247e+02	1.435208e+03
3.856050e+02	3.856050e+02	2.330568e-08	1.414209e+04	1.593832e+02	1.404080e+03
3.861000e+02	3.861000e+02	2.358563e-08	1.413616e+04	1.588567e+02	1.374350e+03
3.865950e+02	3.865950e+02	2.386762e-08	1.413022e+04	1.583278e+02	1.346358e+03
3.870900e+02	3.870900e+02	2.415252e-08	1.412431e+04	1.577984e+02	1.320768e+03
3.875850e+02	3.875850e+02	2.444062e-08	1.411841e+04	1.572915e+02	1.298021e+03
3.880800e+02	3.880800e+02	2.473112e-08	1.411253e+04	1.568206e+02	1.277895e+03
3.885750e+02	3.885750e+02	2.502209e-08	1.410666e+04	1.563791e+02	1.260081e+03
3.890700e+02	3.890700e+02	2.531033e-08	1.410077e+04	1.559544e+02	1.244078e+03
3.895650e+02	3.895650e+02	2.559196e-08	1.409489e+04	1.555310e+02	1.228990e+03
3.900600e+02	3.900600e+02	2.586401e-08	1.408902e+04	1.550977e+02	1.214678e+03
3.905550e+02	3.905550e+02	2.612579e-08	1.408316e+04	1.546706e+02	1.202047e+03
3.910500e+02	3.910500e+02	2.637934e-08	1.407729e+04	1.542767e+02	1.191861e+03
3.915450e+02	3.915450e+02	2.662854e-08	1.407143e+04	1.539075e+02	1.183839e+03
3.920400e+02	3.920400e+02	2.687745e-08	1.406560e+04	1.535474e+02	1.177460e+03
3.925350e+02	3.925350e+02	2.712835e-08	1.405979e+04	1.532067e+02	1.172895e+03
3.930300e+02	3.930300e+02	2.738098e-08	1.405398e+04	1.528814e+02	1.170042e+03
3.935250e+02	3.935250e+02	2.763288e-08	1.404817e+04	1.525534e+02	1.168817e+03
3.940200e+02	3.940200e+02	2.787915e-08	1.404238e+04	1.522304e+02	1.169303e+03
3.945150e+02	3.945150e+02	2.811269e-08	1.403661e+04	1.519198e+02	1.171370e+03
3.950100e+02	3.950100e+02	2.832600e-08	1.403083e+04	1.516179e+02	1.175151e+03
3.955050e+02	3.955050e+02	2.851392e-08	1.402503e+04	1.513210e+02	1.180373e+03
3.960000e+02	3.960000e+02	2.867463e-08	1.401924e+04	1.510282e+02	1.186187e+03
3.964950e+02	3.964950e+02	2.880939e-08	1.401346e+04	1.507297e+02	1.191469e+03
3.969900e+02	3.969900e+02	2.892175e-08	1.400768e+04	1.504107e+02	1.195086e+03
3.974850e+02	3.974850e+02	2.901611e-08	1.400190e+04	1.500567e+02	1.196098e+03
3.979800e+02	3.979800e+02	2.909516e-08	1.399614e+04	1.496648e+02	1.194482e+03
3.984750e+02	3.984750e+02	2.915947e-08	1.399040e+04	1.492521e+02	1.191097e+03
3.989700e+02	3.989700e+02	2.920946e-08	1.398471e+04	1.488254e+02	1.187053e+03
3.994650e+02	3.994650e+02	2.924638e-08	1.397902e+04	1.483886e+02	1.183493e+03
3.999600e+02	3.999600e+02	2.927219e-08	1.397334e+04	1.479647e+02	1.181060e+03
4.004550e+02	4.004550e+02	2.929014e-08	1.396767e+04	1.475610e+02	1.179700e+03
4.009500e+02	4.009500e+02	2.930578e-08	1.396201e+04	1.471621e+02	1.179251e+03
4.014450e+02	4.014450e+02	2.932649e-08	1.395636e+04	1.467903e+02	1.179762e+03
4.019400e+02	4.019400e+02	2.935874e-08	1.395072e+04	1.464842e+02	1.181626e+03
4.024350e+02	4.024350e+02	2.940587e-08	1.394509e+04	1.462446e+02	1.185370e+03
4.029300e+02	4.029300e+02	2.946839e-08	1.393945e+04	1.460488e+02	1.191140e+03
4.034250e+02	4.034250e+02	2.954630e-08	1.393380e+04	1.458678e+02	1.199077e+03
4.039200e+02	4.039200e+02	2.964173e-08	1.392814e+04	1.456685e+02	1.209640e+03
4.044150e+02	4.044150e+02	2.975866e-08	1.392245e+04	1.454647e+02	1.222904e+03
4.049100e+02	4.049100e+02	2.989998e-08	1.391674e+04	1.452931e+02	1.238400e+03
4.054050e+02	4.054050e+02	3.006444e-08	1.391101e+04	1.451528e+02	1.255575e+03
4.059000e+02	4.059000e+02	3.024485e-08	1.390524e+04	1.450356e+02	1.274322e+03
4.063950e+02	4.063950e+02	3.042718e-08	1.389944e+04	1.449403e+02	1.294572e+03
4.068900e+02	4.068900e+02	3.059255e-08	1.389361e+04	1.448566e+02	1.316004e+03
4.073850e+02	4.073850e+02	3.072441e-08	1.388776e+04	1.447878e+02	1.338819e+03
4.078800e+02	4.078800e+02	3.081779e-08	1.388189e+04	1.447207e+02	1.363475e+03
4.083750e+02	4.083750e+02	3.088268e-08	1.387601e+04	1.446600e+02	1.390609e+03
4.088700e+02	4.088700e+02	3.093750e-08	1.387011e+04	1.446302e+02	1.420763e+03
4.093650e+02	4.093650e+02	3.099972e-08	1.386418e+04	1.446401e+02	1.453865e+03
4.098600e+02	4.098600e+02	3.108135e-08	1.385820e+04	1.446940e+02	1.489432e+03
4.103550e+02	4.103550e+02	3.118884e-08	1.385216e+04	1.447572e+02	1.526730e+03
4.108500e+02	4.108500e+02	3.132459e-08	1.384607e+04	1.447942e+02	1.565141e+03
4.113450e+02	4.113450e+02	3.148796e-08	1.383995e+04	1.448313e+02	1.604325e+03
4.118400e+02	4.118400e+02	3.167617e-08	1.383379e+04	1.448974e+02	1.643978e+03
4.123350e+02	4.123350e+02	3.188499e-08	1.382758e+04	1.450159e+02	1.684640e+03
4.128300e+02	4.128300e+02	3.210762e-08	1.382131e+04	1.451896e+02	1.727032e+03
4.133250e+02	4.133250e+02	3.233280e-08	1.381495e+04	1.453750e+02	1.770307e+03
4.138200e+02	4.138200e+02	3.254396e-08	1.380851e+04	1.455311e+02	1.813402e+03
4.143150e+02	4.143150e+02	3.272036e-08	1.380200e+04	1.456771e+02	1.856044e+03
4.148100e+02	4.148100e+02	3.284259e-08	1.379539e+04	1.458441e+02	1.898369e+03
4.153050e+02	4.153050e+02	3.289561e-08	1.378869e+04	1.460529e+02	1.940135e+03
4.158000e+02	4.158000e+02	3.286750e-08	1.378189e+04	1.462940e+02	1.980990e+03
4.162950e+02	4.162950e+02	3.275041e-08	1.377501e+04	1.465442e+02	2.022074e+03
4.167900e+02	4.167900e+02	3.254246e-08	1.376804e+04	1.467845e+02	2.065276e+03
4.172850e+02	4.172850e+02	3.224602e-08	1.376098e+04	1.470181e+02	2.112351e+03
4.177800e+02	4.177800e+02	3.186644e-08	1.375383e+04	1.472561e+02	2.165608e+03
4.182750e+02	4.182750e+02	3.140985e-08	1.374658e+04	1.475229e+02	2.224193e+03
4.187700e+02	4.187700e+02	3.087756e-08	1.373924e+04	1.477843e+02	2.286470e+03
4.192650e+02	4.192650e+02	3.026853e-08	1.373177e+04	1.480745e+02	2.352446e+03
4.197600e+02	4.197600e+02	2.958186e-08	1.372414e+04	1.483995e+02	2.423345e+03
4.202550e+02	4.202550e+02	2.882438e-08	1.371633e+04	1.487397e+02	2.495734e+03
4.207500e+02	4.207500e+02	2.801058e-08	1.370833e+04	1.491042e+02	2.566854e+03
4.212450e+02	4.212450e+02	2.715874e-08	1.370015e+04	1.495873e+02	2.641025e+03
4.217400e+02	4.217400e+02	2.629150e-08	1.369184e+04	1.501290e+02	2.718457e+03
4.222350e+02	4.222350e+02	2.542941e-08	1.368339e+04	1.505900e+02	2.794476e+03
4.227300e+02	4.227300e+02	2.458849e-08	1.367480e+04	1.509547e+02	2.866718e+03
4.232250e+02	4.232250e+02	2.378518e-08	1.366615e+04	1.512711e+02	2.930184e+03
4.237200e+02	4.237200e+02	2.303357e-08	1.365747e+04	1.514820e+02	2.980020e+03
4.242150e+02	4.242150e+02	2.234296e-08	1.364878e+04	1.515414e+02	3.014516e+03
4.247100e+02	4.247100e+02	2.171839e-08	1.364004e+04	1.515356e+02	3.034180e+03
4.252050e+02	4.252050e+02	2.116139e-08	1.363129e+04	1.515644e+02	3.046446e+03
4.257000e+02	4.257000e+02	2.067113e-08	1.362262e+04	1.516817e+02	3.059344e+03
4.261950e+02	4.261950e+02	2.024362e-08	1.361403e+04	1.518769e+02	3.076838e+03
4.266900e+02	4.266900e+02	1.987233e-08	1.360549e+04	1.520969e+02	3.095863e+03
4.271850e+02	4.271850e+02	1.954848e-08	1.359693e+04	1.522623e+02	3.114036e+03
4.276800e+02	4.276800e+02	1.926292e-08	1.358836e+04	1.522634e+02	3.129386e+03
4.281750e+02	4.281750e+02	1.900901e-08	1.357980e+04	1.521079e+02	3.130752e+03
4.286700e+02	4.286700e+02	1.878369e-08	1.357125e+04	1.517629e+02	3.113130e+03
4.291650e+02	4.291650e+02	1.858540e-08	1.356268e+04	1.512989e+02	3.083931e+03
4.296600e+02	4.296600e+02	1.841217e-08	1.355410e+04	1.508968e+02	3.050371e+03
4.301550e+02	4.301550e+02	1.826190e-08	1.354558e+04	1.503082e+02	3.012529e+03
4.306500e+02	4.306500e+02	1.813269e-08	1.353713e+04	1.494487e+02	2.975060e+03
4.311450e+02	4.311450e+02	1.802331e-08	1.352864e+04	1.484687e+02	2.934454e+03
4.316400e+02	4.316400e+02	1.793178e-08	1.352009e+04	1.474076e+02	2.887847e+03
4.321350e+02	4.321350e+02	1.785611e-08	1.351165e+04	1.463925e+02	2.833072e+03
4.326300e+02	4.326300e+02	1.779443e-08	1.350336e+04	1.455538e+02	2.770696e+03
4.331250e+02	4.331250e+02	1.774395e-08	1.349510e+04	1.448417e+02	2.703208e+03
4.336200e+02	4.336200e+02	1.770535e-08	1.348691e+04	1.439339e+02	2.637436e+03
4.341150e+02	4.341150e+02	1.767979e-08	1.347894e+04	1.430727e+02	2.570833e+03
4.346100e+02	4.346100e+02	1.766836e-08	1.347103e+04	1.420782e+02	2.499837e+03
4.351050e+02	4.351050e+02	1.767321e-08	1.346304e+04	1.409776e+02	2.426266e+03
4.356000e+02	4.356000e+02	1.769333e-08	1.345535e+04	1.398460e+02	2.351966e+03
4.360950e+02	4.360950e+02	1.773143e-08	1.344794e+04	1.389155e+02	2.279405e+03
4.365900e+02	4.365900e+02	1.778957e-08	1.344064e+04	1.380318e+02	2.211630e+03
4.370850e+02	4.370850e+02	1.786746e-08	1.343350e+04	1.369730e+02	2.143283e+03
4.375800e+02	4.375800e+02	1.796737e-08	1.342643e+04	1.360285e+02	2.076898e+03
4.380750e+02	4.380750e+02	1.808664e-08	1.341947e+04	1.351197e+02	2.009871e+03
4.385700e+02	4.385700e+02	1.822286e-08	1.341268e+04	1.340907e+02	1.944855e+03
4.390650e+02	4.390650e+02	1.837792e-08	1.340614e+04	1.332939e+02	1.884873e+03
4.395600e+02	4.395600e+02	1.854630e-08	1.340003e+04	1.325525e+02	1.827479e+03
4.400550e+02	4.400550e+02	1.872177e-08	1.339411e+04	1.317174e+02	1.773246e+03
4.405500e+02	4.405500e+02	1.890514e-08	1.338809e+04	1.309237e+02	1.722436e+03
4.410450e+02	4.410450e+02	1.909746e-08	1.338199e+04	1.302033e+02	1.674364e+03
4.415400e+02	4.415400e+02	1.929183e-08	1.337612e+04	1.294564e+02	1.628177e+03
4.420350e+02	4.420350e+02	1.947896e-08	1.337044e+04	1.287392e+02	1.586073e+03
4.425300e+02	4.425300e+02	1.964692e-08	1.336470e+04	1.281564e+02	1.549521e+03
4.430250e+02	4.430250e+02	1.978938e-08	1.335896e+04	1.275906e+02	1.516762e+03
4.435200e+02	4.435200e+02	1.991932e-08	1.335335e+04	1.270068e+02	1.486299e+03
4.440150e+02	4.440150e+02	2.006319e-08	1.334763e+04	1.264569e+02	1.455952e+03
4.445100e+02	4.445100e+02	2.022448e-08	1.334179e+04	1.258805e+02	1.424524e+03
4.450050e+02	4.450050e+02	2.040451e-08	1.333597e+04	1.253003e+02	1.392618e+03
4.455000e+02	4.455000e+02	2.061163e-08	1.332994e+04	1.247460e+02	1.362420e+03
4.459950e+02	4.459950e+02	2.085775e-08	1.332386e+04	1.242018e+02	1.334242e+03
4.464900e+02	4.464900e+02	2.116834e-08	1.331778e+04	1.236981e+02	1.308207e+03
4.469850e+02	4.469850e+02	2.155045e-08	1.331163e+04	1.232225e+02	1.284090e+03
4.474800e+02	4.474800e+02	2.199807e-08	1.330533e+04	1.226852e+02	1.261589e+03
4.479750e+02	4.479750e+02	2.251961e-08	1.329886e+04	1.222038e+02	1.241926e+03
4.484700e+02	4.484700e+02	2.312067e-08	1.329221e+04	1.217210e+02	1.224519e+03
4.489650e+02	4.489650e+02	2.378831e-08	1.328531e+04	1.211975e+02	1.208118e+03
4.494600e+02	4.494600e+02	2.449732e-08	1.327815e+04	1.206992e+02	1.192571e+03
4.499550e+02	4.499550e+02	2.518447e-08	1.327086e+04	1.201422e+02	1.179505e+03
4.504500e+02	4.504500e+02	2.580298e-08	1.326345e+04	1.195882e+02	1.167697e+03
4.509450e+02	4.509450e+02	2.634050e-08	1.325585e+04	1.191003e+02	1.156084e+03
4.514400e+02	4.514400e+02	2.676898e-08	1.324814e+04	1.187080e+02	1.148456e+03
4.519350e+02	4.519350e+02	2.706774e-08	1.324045e+04	1.184135e+02	1.144040e+03
4.524300e+02	4.524300e+02	2.722214e-08	1.323273e+04	1.181065e+02	1.141123e+03
4.529250e+02	4.529250e+02	2.724510e-08	1.322483e+04	1.178140e+02	1.139308e+03
4.534200e+02	4.534200e+02	2.715797e-08	1.321672e+04	1.175423e+02	1.137736e+03
4.539150e+02	4.539150e+02	2.698391e-08	1.320857e+04	1.171747e+02	1.136868e+03
4.544100e+02	4.544100e+02	2.675680e-08	1.320041e+04	1.168530e+02	1.135303e+03
4.549050e+02	4.549050e+02	2.652038e-08	1.319223e+04	1.165756e+02	1.132258e+03
4.554000e+02	4.554000e+02	2.628692e-08	1.318402e+04	1.163745e+02	1.133941e+03
4.558950e+02	4.558950e+02	2.605694e-08	1.317575e+04	1.161922e+02	1.138658e+03
4.563900e+02	4.563900e+02	2.581090e-08	1.316748e+04	1.159248e+02	1.147719e+03
4.568850e+02	4.568850e+02	2.553228e-08	1.315924e+04	1.157018e+02	1.160503e+03
4.573800e+02	4.573800e+02	2.518781e-08	1.315107e+04	1.155969e+02	1.176220e+03
4.578750e+02	4.578750e+02	2.475494e-08	1.314296e+04	1.155338e+02	1.189728e+03
4.583700e+02	4.583700e+02	2.424105e-08	1.313483e+04	1.154188e+02	1.197305e+03
4.588650e+02	4.588650e+02	2.366453e-08	1.312663e+04	1.152555e+02	1.201613e+03
4.593600e+02	4.593600e+02	2.304850e-08	1.311842e+04	1.151280e+02	1.209061e+03
4.598550e+02	4.598550e+02	2.242735e-08	1.311025e+04	1.150765e+02	1.222829e+03
4.603500e+02	4.603500e+02	2.181794e-08	1.310213e+04	1.150267e+02	1.237772e+03
4.608450e+02	4.608450e+02	2.123635e-08	1.309399e+04	1.149603e+02	1.245157e+03
4.613400e+02	4.613400e+02	2.069259e-08	1.308583e+04	1.149441e+02	1.250058e+03
4.618350e+02	4.618350e+02	2.017897e-08	1.307766e+04	1.149371e+02	1.258439e+03
4.623300e+02	4.623300e+02	1.969378e-08	1.306945e+04	1.149372e+02	1.271102e+03
4.628250e+02	4.628250e+02	1.924073e-08	1.306117e+04	1.148612e+02	1.284496e+03
4.633200e+02	4.633200e+02	1.881795e-08	1.305285e+04	1.146706e+02	1.294614e+03
4.638150e+02	4.638150e+02	1.842492e-08	1.304449e+04	1.144315e+02	1.298677e+03
4.643100e+02	4.643100e+02	1.806292e-08	1.303610e+04	1.141728e+02	1.298091e+03
4.648050e+02	4.648050e+02	1.773486e-08	1.302770e+04	1.138690e+02	1.300147e+03
4.653000e+02	4.653000e+02	1.744236e-08	1.301930e+04	1.136933e+02	1.307580e+03
4.657950e+02	4.657950e+02	1.718204e-08	1.301090e+04	1.135608e+02	1.317326e+03
4.662900e+02	4.662900e+02	1.694773e-08	1.300249e+04	1.133883e+02	1.328498e+03
4.667850e+02	4.667850e+02	1.673351e-08	1.299405e+04	1.131875e+02	1.338945e+03
4.672800e+02	4.672800e+02	1.653524e-08	1.298558e+04	1.129257e+02	1.345990e+03
4.677750e+02	4.677750e+02	1.635134e-08	1.297711e+04	1.126462e+02	1.349938e+03
4.682700e+02	4.682700e+02	1.618183e-08	1.296864e+04	1.123889e+02	1.356160e+03
4.687650e+02	4.687650e+02	1.602859e-08	1.296013e+04	1.122039e+02	1.366627e+03
4.692600e+02	4.692600e+02	1.589491e-08	1.295162e+04	1.120544e+02	1.380056e+03
4.697550e+02	4.697550e+02	1.578460e-08	1.294312e+04	1.119465e+02	1.393092e+03
4.702500e+02	4.702500e+02	1.570268e-08	1.293461e+04	1.118171e+02	1.403853e+03
4.707450e+02	4.707450e+02	1.565460e-08	1.292608e+04	1.116185e+02	1.412200e+03
4.712400e+02	4.712400e+02	1.564571e-08	1.291756e+04	1.113574e+02	1.418583e+03
4.717350e+02	4.717350e+02	1.568161e-08	1.290909e+04	1.110838e+02	1.424972e+03
4.722300e+02	4.722300e+02	1.576657e-08	1.290067e+04	1.108548e+02	1.431980e+03
4.727250e+02	4.727250e+02	1.590090e-08	1.289230e+04	1.106049e+02	1.442368e+03
4.732200e+02	4.732200e+02	1.607905e-08	1.288396e+04	1.103929e+02	1.457507e+03
4.737150e+02	4.737150e+02	1.628926e-08	1.287568e+04	1.101630e+02	1.474480e+03
4.742100e+02	4.742100e+02	1.651694e-08	1.286750e+04	1.099262e+02	1.488967e+03
4.747050e+02	4.747050e+02	1.674756e-08	1.285938e+04	1.096838e+02	1.499076e+03
4.752000e+02	4.752000e+02	1.697149e-08	1.285131e+04	1.094421e+02	1.509044e+03
4.756950e+02	4.756950e+02	1.718922e-08	1.284331e+04	1.092395e+02	1.525239e+03
4.761900e+02	4.761900e+02	1.740924e-08	1.283538e+04	1.090895e+02	1.547447e+03
4.766850e+02	4.766850e+02	1.764637e-08	1.282750e+04	1.089459e+02	1.568797e+03
4.771800e+02	4.771800e+02	1.792151e-08	1.281968e+04	1.087898e+02	1.580363e+03
4.776750e+02	4.776750e+02	1.825347e-08	1.281194e+04	1.086502e+02	1.582826e+03
4.781700e+02	4.781700e+02	1.865293e-08	1.280425e+04	1.084707e+02	1.583599e+03
4.786650e+02	4.786650e+02	1.912746e-08	1.279661e+04	1.082541e+02	1.584897e+03
4.791600e+02	4.791600e+02	1.967850e-08	1.278900e+04	1.080159e+02	1.584306e+03
4.796550e+02	4.796550e+02	2.030191e-08	1.278145e+04	1.077914e+02	1.578980e+03
4.801500e+02	4.801500e+02	2.099045e-08	1.277394e+04	1.075631e+02	1.568439e+03
4.806450e+02	4.806450e+02	2.172851e-08	1.276645e+04	1.072971e+02	1.555057e+03
4.811400e+02	4.811400e+02	2.248988e-08	1.275900e+04	1.070390e+02	1.542432e+03
4.816350e+02	4.816350e+02	2.324529e-08	1.275163e+04	1.068360e+02	1.535745e+03
4.821300e+02	4.821300e+02	2.397124e-08	1.274432e+04	1.067059e+02	1.537627e+03
4.826250e+02	4.826250e+02	2.465440e-08	1.273705e+04	1.066040e+02	1.539899e+03
4.831200e+02	4.831200e+02	2.529618e-08	1.272985e+04	1.064553e+02	1.542993e+03
4.836150e+02	4.836150e+02	2.591080e-08	1.272271e+04	1.062675e+02	1.552463e+03
4.841100e+02	4.841100e+02	2.651314e-08	1.271564e+04	1.060813e+02	1.562423e+03
4.846050e+02	4.846050e+02	2.711814e-08	1.270867e+04	1.059165e+02	1.565675e+03
4.851000e+02	4.851000e+02	2.774405e-08	1.270180e+04	1.057481e+02	1.562505e+03
4.855950e+02	4.855950e+02	2.839500e-08	1.269499e+04	1.055715e+02	1.558430e+03
4.860900e+02	4.860900e+02	2.904529e-08	1.268821e+04	1.053882e+02	1.555305e+03
4.865850e+02	4.865850e+02	2.966650e-08	1.268146e+04	1.051650e+02	1.547978e+03
4.870800e+02	4.870800e+02	3.026415e-08	1.267471e+04	1.048732e+02	1.535002e+03
4.875750e+02	4.875750e+02	3.087341e-08	1.266797e+04	1.045999e+02	1.524155e+03
4.880700e+02	4.880700e+02	3.151999e-08	1.266128e+04	1.044191e+02	1.519066e+03
4.885650e+02	4.885650e+02	3.218110e-08	1.265465e+04	1.042779e+02	1.516348e+03
4.890600e+02	4.890600e+02	3.278973e-08	1.264808e+04	1.041207e+02	1.511904e+03
4.895550e+02	4.895550e+02	3.326447e-08	1.264160e+04	1.038797e+02	1.500906e+03
4.900500e+02	4.900500e+02	3.354835e-08	1.263519e+04	1.035596e+02	1.483342e+03
4.905450e+02	4.905450e+02	3.363385e-08	1.262881e+04	1.032157e+02	1.465911e+03
4.910400e+02	4.910400e+02	3.354988e-08	1.262248e+04	1.029060e+02	1.454079e+03
4.915350e+02	4.915350e+02	3.333583e-08	1.261621e+04	1.026108e+02	1.446452e+03
4.920300e+02	4.920300e+02	3.303309e-08	1.261000e+04	1.023009e+02	1.440325e+03
4.925250e+02	4.925250e+02	3.265738e-08	1.260385e+04	1.020269e+02	1.435702e+03
4.930200e+02	4.930200e+02	3.220606e-08	1.259776e+04	1.017689e+02	1.432491e+03
4.935150e+02	4.935150e+02	3.169494e-08	1.259175e+04	1.015031e+02	1.431126e+03
4.940100e+02	4.940100e+02	3.114886e-08	1.258581e+04	1.012417e+02	1.431822e+03
4.945050e+02	4.945050e+02	3.059597e-08	1.257991e+04	1.009965e+02	1.434396e+03
4.950000e+02	4.950000e+02	3.006343e-08	1.257399e+04	1.007347e+02	1.437597e+03
4.954950e+02	4.954950e+02	2.957216e-08	1.256808e+04	1.004751e+02	1.441864e+03
4.959900e+02	4.959900e+02	2.913115e-08	1.256218e+04	1.002233e+02	1.446293e+03
4.964850e+02	4.964850e+02	2.874958e-08	1.255626e+04	9.995009e+01	1.452311e+03
4.969800e+02	4.969800e+02	2.843876e-08	1.255036e+04	9.968578e+01	1.459566e+03
4.974750e+02	4.974750e+02	2.820496e-08	1.254451e+04	9.938600e+01	1.466537e+03
4.979700e+02	4.979700e+02	2.804271e-08	1.253872e+04	9.907789e+01	1.473744e+03
4.984650e+02	4.984650e+02	2.794243e-08	1.253296e+04	9.884669e+01	1.481191e+03
4.989600e+02	4.989600e+02	2.789515e-08	1.252722e+04	9.867324e+01	1.487647e+03
4.994550e+02	4.994550e+02	2.789321e-08	1.252146e+04	9.847326e+01	1.492463e+03
4.999500e+02	4.999500e+02	2.793826e-08	1.251571e+04	9.824526e+01	1.497264e+03
