#time	tref	diverr	energy	enstrophy	palinstrophy
0.000000e+00	0.000000e+00	2.593979e-11	4.822116e-01	3.763397e+01	9.731502e+04
7.107143e-03	1.990000e-01	2.596052e-11	4.821925e-01	3.758461e+01	9.658752e+04
1.421429e-02	3.980000e-01	2.595929e-11	4.821735e-01	3.753678e+01	9.582107e+04
2.132143e-02	5.970000e-01	2.595764e-11	4.821545e-01	3.748933e+01	9.521807e+04
2.842857e-02	7.960000e-01	2.595561e-11	4.821354e-01	3.744160e+01	9.452551e+04
3.553571e-02	9.950000e-01	2.595349e-11	4.821165e-01	3.739437e+01	9.396320e+04
4.264286e-02	1.194000e+00	2.595156e-11	4.820975e-01	3.734688e+01	9.349776e+04
4.975000e-02	1.393000e+00	2.594996e-11	4.820786e-01	3.729940e+01	9.318237e+04
5.685714e-02	1.592000e+00	2.594877e-11	4.820597e-01	3.725221e+01	9.304697e+04
6.396429e-02	1.791000e+00	2.594821e-11	4.820409e-01	3.720485e+01	9.313376e+04
7.107143e-02	1.990000e+00	2.594830e-11	4.820220e-01	3.715769e+01	9.340369e+04
7.817857e-02	2.189000e+00	2.594908e-11	4.820031e-01	3.711051e+01	9.375510e+04
8.528571e-02	2.388000e+00	2.595046e-11	4.819843e-01	3.706326e+01	9.413814e+04
9.239286e-02	2.587000e+00	2.595261e-11	4.819655e-01	3.701597e+01	9.441484e+04
9.950000e-02	2.786000e+00	2.595534e-11	4.819466e-01	3.696851e+01	9.456531e+04
1.066071e-01	2.985000e+00	2.595867e-11	4.819278e-01	3.692096e+01	9.462970e+04
1.137143e-01	3.184000e+00	2.596285e-11	4.819090e-01	3.687338e+01	9.480225e+04
1.208214e-01	3.383000e+00	2.596780e-11	4.818902e-01	3.682594e+01	9.541926e+04
1.279286e-01	3.582000e+00	2.597355e-11	4.818714e-01	3.677889e+01	9.683896e+04
1.350357e-01	3.781000e+00	2.598038e-11	4.818526e-01	3.673250e+01	9.937028e+04
1.421429e-01	3.980000e+00	2.598821e-11	4.818338e-01	3.668692e+01	1.030687e+05
1.492500e-01	4.179000e+00	2.599740e-11	4.818151e-01	3.664208e+01	1.076337e+05
1.563571e-01	4.378000e+00	2.600805e-11	4.817964e-01	3.659757e+01	1.123682e+05
1.634643e-01	4.577000e+00	2.602037e-11	4.817777e-01	3.655270e+01	1.162788e+05
1.705714e-01	4.776000e+00	2.603483e-11	4.817590e-01	3.650668e+01	1.183798e+05
1.776786e-01	4.975000e+00	2.605155e-11	4.817405e-01	3.645888e+01	1.180751e+05
1.847857e-01	5.174000e+00	2.607084e-11	4.817219e-01	3.640922e+01	1.155084e+05
1.918929e-01	5.373000e+00	2.609311e-11	4.817035e-01	3.635833e+01	1.116369e+05
1.990000e-01	5.572000e+00	2.611896e-11	4.816850e-01	3.630742e+01	1.079372e+05
2.061071e-01	5.771000e+00	2.614867e-11	4.816666e-01	3.625781e+01	1.057708e+05
2.132143e-01	5.970000e+00	2.618264e-11	4.816482e-01	3.621011e+01	1.056741e+05
2.203214e-01	6.169000e+00	2.622150e-11	4.816299e-01	3.616382e+01	1.070084e+05
2.274286e-01	6.368000e+00	2.626577e-11	4.816116e-01	3.611755e+01	1.083171e+05
2.345357e-01	6.567000e+00	2.631634e-11	4.815933e-01	3.606994e+01	1.082990e+05
2.416429e-01	6.766000e+00	2.637356e-11	4.815751e-01	3.602074e+01	1.067395e+05
2.487500e-01	6.965000e+00	2.643838e-11	4.815569e-01	3.597100e+01	1.046508e+05
2.558571e-01	7.164000e+00	2.651143e-11	4.815388e-01	3.592215e+01	1.034489e+05
2.629643e-01	7.363000e+00	2.659346e-11	4.815207e-01	3.587488e+01	1.038318e+05
2.700714e-01	7.562000e+00	2.668526e-11	4.815028e-01	3.582873e+01	1.053231e+05
2.771786e-01	7.761000e+00	2.678703e-11	4.814849e-01	3.578242e+01	1.069335e+05
2.842857e-01	7.960000e+00	2.689965e-11	4.814672e-01	3.573428e+01	1.084114e+05
2.913929e-01	8.159000e+00	2.702308e-11	4.814495e-01	3.568273e+01	1.108077e+05
2.985000e-01	8.358000e+00	2.715750e-11	4.814320e-01	3.562715e+01	1.154461e+05
3.056071e-01	8.557000e+00	2.730230e-11	4.814146e-01	3.556815e+01	1.222045e+05
3.127143e-01	8.756000e+00	2.745731e-11	4.813973e-01	3.550722e+01	1.292837e+05
3.198214e-01	8.955000e+00	2.762189e-11	4.813802e-01	3.544678e+01	1.348786e+05
3.269286e-01	9.154000e+00	2.779557e-11	4.813631e-01	3.539021e+01	1.391353e+05
3.340357e-01	9.353000e+00	2.797733e-11	4.813459e-01	3.534151e+01	1.455168e+05
3.411429e-01	9.552000e+00	2.816649e-11	4.813285e-01	3.530378e+01	1.591419e+05
3.482500e-01	9.751000e+00	2.836237e-11	4.813106e-01	3.527277e+01	1.793145e+05
3.553571e-01	9.950000e+00	2.856334e-11	4.812921e-01	3.523185e+01	1.961988e+05
3.624643e-01	1.014900e+01	2.876836e-11	4.812731e-01	3.516490e+01	2.028370e+05
3.695714e-01	1.034800e+01	2.897520e-11	4.812537e-01	3.507450e+01	2.040611e+05
3.766786e-01	1.054700e+01	2.918190e-11	4.812343e-01	3.497405e+01	2.055713e+05
3.837857e-01	1.074600e+01	2.938642e-11	4.812153e-01	3.487057e+01	2.072357e+05
3.908929e-01	1.094500e+01	2.958741e-11	4.811970e-01	3.476790e+01	2.115429e+05
3.980000e-01	1.114400e+01	2.978285e-11	4.811795e-01	3.467252e+01	2.215659e+05
4.051071e-01	1.134300e+01	2.997149e-11	4.811628e-01	3.458719e+01	2.322600e+05
4.122143e-01	1.154200e+01	3.015156e-11	4.811468e-01	3.451177e+01	2.377200e+05
4.193214e-01	1.174100e+01	3.032206e-11	4.811313e-01	3.444685e+01	2.380772e+05
4.264286e-01	1.194000e+01	3.048106e-11	4.811158e-01	3.438882e+01	2.353225e+05
4.335357e-01	1.213900e+01	3.062759e-11	4.811000e-01	3.433002e+01	2.313203e+05
4.406429e-01	1.233800e+01	3.076055e-11	4.810840e-01	3.426540e+01	2.282533e+05
4.477500e-01	1.253700e+01	3.087847e-11	4.810675e-01	3.419541e+01	2.274776e+05
4.548571e-01	1.273600e+01	3.098011e-11	4.810507e-01	3.412229e+01	2.284207e+05
4.619643e-01	1.293500e+01	3.106472e-11	4.810335e-01	3.404591e+01	2.295018e+05
4.690714e-01	1.313400e+01	3.113214e-11	4.810161e-01	3.396521e+01	2.304561e+05
4.761786e-01	1.333300e+01	3.118287e-11	4.809984e-01	3.388094e+01	2.324102e+05
4.832857e-01	1.353200e+01	3.121767e-11	4.809804e-01	3.379428e+01	2.353569e+05
4.903929e-01	1.373100e+01	3.123812e-11	4.809622e-01	3.370491e+01	2.373231e+05
4.975000e-01	1.393000e+01	3.124505e-11	4.809438e-01	3.361215e+01	2.364890e+05
5.046071e-01	1.412900e+01	3.124008e-11	4.809254e-01	3.351636e+01	2.328201e+05
5.117143e-01	1.432800e+01	3.122375e-11	4.809069e-01	3.341894e+01	2.273395e+05
5.188214e-01	1.452700e+01	3.119672e-11	4.808888e-01	3.332137e+01	2.208275e+05
5.259286e-01	1.472600e+01	3.115980e-11	4.808709e-01	3.322450e+01	2.135923e+05
5.330357e-01	1.492500e+01	3.111339e-11	4.808535e-01	3.312931e+01	2.060274e+05
5.401429e-01	1.512400e+01	3.105803e-11	4.808363e-01	3.303793e+01	1.988562e+05
5.472500e-01	1.532300e+01	3.099499e-11	4.808193e-01	3.295283e+01	1.928432e+05
5.543571e-01	1.552200e+01	3.092526e-11	4.808023e-01	3.287491e+01	1.886780e+05
5.614643e-01	1.572100e+01	3.085035e-11	4.807853e-01	3.280316e+01	1.866980e+05
5.685714e-01	1.592000e+01	3.077170e-11	4.807682e-01	3.273613e+01	1.864489e+05
5.756786e-01	1.611900e+01	3.069035e-11	4.807511e-01	3.267314e+01	1.869931e+05
5.827857e-01	1.631800e+01	3.060757e-11	4.807341e-01	3.261414e+01	1.878886e+05
5.898929e-01	1.651700e+01	3.052373e-11	4.807172e-01	3.255852e+01	1.894756e+05
5.970000e-01	1.671600e+01	3.043927e-11	4.807004e-01	3.250417e+01	1.920889e+05
6.041071e-01	1.691500e+01	3.035508e-11	4.806837e-01	3.244863e+01	1.955136e+05
6.112143e-01	1.711400e+01	3.027165e-11	4.806672e-01	3.239081e+01	1.990144e+05
6.183214e-01	1.731300e+01	3.018966e-11	4.806507e-01	3.233069e+01	2.012723e+05
6.254286e-01	1.751200e+01	3.011000e-11	4.806342e-01	3.226800e+01	2.006478e+05
6.325357e-01	1.771100e+01	3.003299e-11	4.806178e-01	3.220202e+01	1.961698e+05
6.396429e-01	1.791000e+01	2.995897e-11	4.806015e-01	3.213265e+01	1.883203e+05
6.467500e-01	1.810900e+01	2.988830e-11	4.805851e-01	3.206107e+01	1.787406e+05
6.538571e-01	1.830800e+01	2.982115e-11	4.805687e-01	3.198923e+01	1.691693e+05
6.609643e-01	1.850700e+01	2.975763e-11	4.805522e-01	3.191899e+01	1.605794e+05
6.680714e-01	1.870600e+01	2.969765e-11	4.805358e-01	3.185170e+01	1.529949e+05
6.751786e-01	1.890500e+01	2.964133e-11	4.805193e-01	3.178821e+01	1.457339e+05
6.822857e-01	1.910400e+01	2.958833e-11	4.805028e-01	3.172913e+01	1.378818e+05
6.893929e-01	1.930300e+01	2.953912e-11	4.804863e-01	3.167498e+01	1.289291e+05
6.965000e-01	1.950200e+01	2.949348e-11	4.804698e-01	3.162611e+01	1.191667e+05
7.036071e-01	1.970100e+01	2.945139e-11	4.804533e-01	3.158233e+01	1.094906e+05
7.107143e-01	1.990000e+01	2.941310e-11	4.804368e-01	3.154279e+01	1.009203e+05
7.178214e-01	2.009900e+01	2.937888e-11	4.804204e-01	3.150620e+01	9.430077e+04
7.249286e-01	2.029800e+01	2.934905e-11	4.804039e-01	3.147141e+01	9.018942e+04
7.320357e-01	2.049700e+01	2.932391e-11	4.803876e-01	3.143778e+01	8.868034e+04
7.391429e-01	2.069600e+01	2.930373e-11	4.803713e-01	3.140493e+01	8.919008e+04
7.462500e-01	2.089500e+01	2.928927e-11	4.803552e-01	3.137236e+01	9.046719e+04
7.533571e-01	2.109400e+01	2.928073e-11	4.803392e-01	3.133936e+01	9.097115e+04
7.604643e-01	2.129300e+01	2.927853e-11	4.803233e-01	3.130515e+01	8.949376e+04
7.675714e-01	2.149200e+01	2.928310e-11	4.803075e-01	3.126928e+01	8.567504e+04
7.746786e-01	2.169100e+01	2.929479e-11	4.802917e-01	3.123180e+01	8.003083e+04
7.817857e-01	2.189000e+01	2.931384e-11	4.802761e-01	3.119324e+01	7.350710e+04
7.888929e-01	2.208900e+01	2.934083e-11	4.802606e-01	3.115460e+01	6.708824e+04
7.960000e-01	2.228800e+01	2.937551e-11	4.802451e-01	3.111724e+01	6.165142e+04
8.031071e-01	2.248700e+01	2.941780e-11	4.802298e-01	3.108238e+01	5.773417e+04
8.102143e-01	2.268600e+01	2.946779e-11	4.802144e-01	3.105045e+01	5.529814e+04
8.173214e-01	2.288500e+01	2.952523e-11	4.801990e-01	3.102107e+01	5.386557e+04
8.244286e-01	2.308400e+01	2.958983e-11	4.801835e-01	3.099345e+01	5.289989e+04
8.315357e-01	2.328300e+01	2.966103e-11	4.801681e-01	3.096677e+01	5.200253e+04
8.386429e-01	2.348200e+01	2.973870e-11	4.801525e-01	3.094049e+01	5.090776e+04
8.457500e-01	2.368100e+01	2.982275e-11	4.801369e-01	3.091474e+01	4.952063e+04
8.528571e-01	2.388000e+01	2.991252e-11	4.801213e-01	3.089040e+01	4.785829e+04
8.599643e-01	2.407900e+01	3.000795e-11	4.801056e-01	3.086850e+01	4.593265e+04
8.670714e-01	2.427800e+01	3.010848e-11	4.800898e-01	3.084960e+01	4.383185e+04
8.741786e-01	2.447700e+01	3.021376e-11	4.800739e-01	3.083365e+01	4.186038e+04
8.812857e-01	2.467600e+01	3.032322e-11	4.800580e-01	3.081993e+01	4.050229e+04
8.883929e-01	2.487500e+01	3.043678e-11	4.800419e-01	3.080691e+01	4.007650e+04
8.955000e-01	2.507400e+01	3.055387e-11	4.800260e-01	3.079245e+01	4.037621e+04
9.026071e-01	2.527300e+01	3.067444e-11	4.800101e-01	3.077503e+01	4.079908e+04
9.097143e-01	2.547200e+01	3.079820e-11	4.799944e-01	3.075474e+01	4.079689e+04
9.168214e-01	2.567100e+01	3.092521e-11	4.799789e-01	3.073287e+01	4.011382e+04
9.239286e-01	2.587000e+01	3.105524e-11	4.799635e-01	3.071093e+01	3.887558e+04
9.310357e-01	2.606900e+01	3.118859e-11	4.799483e-01	3.069064e+01	3.766875e+04
9.381429e-01	2.626800e+01	3.132471e-11	4.799330e-01	3.067360e+01	3.731960e+04
9.452500e-01	2.646700e+01	3.146387e-11	4.799176e-01	3.066002e+01	3.814856e+04
9.523571e-01	2.666600e+01	3.160564e-11	4.799020e-01	3.064791e+01	3.930333e+04
9.594643e-01	2.686500e+01	3.175042e-11	4.798862e-01	3.063406e+01	3.938612e+04
9.665714e-01	2.706400e+01	3.189871e-11	4.798702e-01	3.061633e+01	3.791191e+04
9.736786e-01	2.726300e+01	3.205156e-11	4.798543e-01	3.059488e+01	3.573672e+04
9.807857e-01	2.746200e+01	3.221019e-11	4.798385e-01	3.057118e+01	3.437708e+04
9.878929e-01	2.766100e+01	3.237590e-11	4.798230e-01	3.054750e+01	3.462060e+04
9.950000e-01	2.786000e+01	3.255040e-11	4.798077e-01	3.052673e+01	3.527695e+04
1.002107e+00	2.805900e+01	3.273520e-11	4.797925e-01	3.051116e+01	3.536773e+04
1.009214e+00	2.825800e+01	3.293220e-11	4.797769e-01	3.050096e+01	3.589445e+04
1.016321e+00	2.845700e+01	3.314333e-11	4.797610e-01	3.049138e+01	3.652437e+04
1.023429e+00	2.865600e+01	3.336980e-11	4.797449e-01	3.047623e+01	3.628214e+04
1.030536e+00	2.885500e+01	3.361402e-11	4.797291e-01	3.045590e+01	3.655955e+04
1.037643e+00	2.905400e+01	3.387837e-11	4.797139e-01	3.043591e+01	3.816222e+04
1.044750e+00	2.925300e+01	3.416536e-11	4.796991e-01	3.042124e+01	3.995549e+04
1.051857e+00	2.945200e+01	3.447676e-11	4.796845e-01	3.041162e+01	4.113719e+04
1.058964e+00	2.965100e+01	3.481387e-11	4.796696e-01	3.040237e+01	4.170707e+04
1.066071e+00	2.985000e+01	3.517835e-11	4.796544e-01	3.038905e+01	4.200076e+04
1.073179e+00	3.004900e+01	3.557220e-11	4.796390e-01	3.037077e+01	4.264445e+04
1.080286e+00	3.024800e+01	3.599664e-11	4.796233e-01	3.034641e+01	4.199147e+04
1.087393e+00	3.044700e+01	3.645302e-11	4.796072e-01	3.032128e+01	4.137118e+04
1.094500e+00	3.064600e+01	3.694248e-11	4.795910e-01	3.029835e+01	4.017331e+04
1.101607e+00	3.084500e+01	3.746238e-11	4.795754e-01	3.027736e+01	3.915612e+04
1.108714e+00	3.104400e+01	3.801067e-11	4.795600e-01	3.025759e+01	3.793143e+04
1.115821e+00	3.124300e+01	3.858551e-11	4.795447e-01	3.023998e+01	3.806048e+04
1.122929e+00	3.144200e+01	3.918274e-11	4.795291e-01	3.022497e+01	3.803787e+04
1.130036e+00	3.164100e+01	3.979960e-11	4.795133e-01	3.020724e+01	3.787045e+04
1.137143e+00	3.184000e+01	4.043036e-11	4.794979e-01	3.018610e+01	3.882396e+04
1.144250e+00	3.203900e+01	4.106946e-11	4.794830e-01	3.016901e+01	3.989867e+04
1.151357e+00	3.223800e+01	4.171461e-11	4.794684e-01	3.015596e+01	4.162550e+04
1.158464e+00	3.243700e+01	4.235849e-11	4.794534e-01	3.014132e+01	4.408807e+04
1.165571e+00	3.263600e+01	4.299280e-11	4.794383e-01	3.012121e+01	4.658501e+04
1.172679e+00	3.283500e+01	4.360932e-11	4.794237e-01	3.009882e+01	4.764938e+04
1.179786e+00	3.303400e+01	4.420005e-11	4.794091e-01	3.007524e+01	4.969650e+04
1.186893e+00	3.323300e+01	4.475692e-11	4.793939e-01	3.006173e+01	5.246629e+04
1.194000e+00	3.343200e+01	4.527253e-11	4.793785e-01	3.004267e+01	5.121008e+04
1.201107e+00	3.363100e+01	4.573960e-11	4.793632e-01	3.001697e+01	5.322315e+04
1.208214e+00	3.383000e+01	4.615283e-11	4.793480e-01	3.001085e+01	5.254209e+04
1.215321e+00	3.402900e+01	4.650147e-11	4.793334e-01	2.998484e+01	5.414059e+04
1.222429e+00	3.422800e+01	4.677527e-11	4.793188e-01	2.993409e+01	4.812539e+04
1.229536e+00	3.442700e+01	4.697392e-11	4.793032e-01	2.989996e+01	4.763979e+04
1.236643e+00	3.462600e+01	4.710005e-11	4.792873e-01	2.988642e+01	5.066523e+04
1.243750e+00	3.482500e+01	4.714921e-11	4.792711e-01	2.988362e+01	4.807289e+04
1.250857e+00	3.502400e+01	4.711352e-11	4.792550e-01	2.984829e+01	4.929461e+04
1.257964e+00	3.522300e+01	4.700166e-11	4.792401e-01	2.980905e+01	4.991476e+04
1.265071e+00	3.542200e+01	4.683197e-11	4.792257e-01	2.980319e+01	4.985227e+04
1.272179e+00	3.562100e+01	4.661315e-11	4.792110e-01	2.977735e+01	4.976410e+04
1.279286e+00	3.582000e+01	4.635424e-11	4.791961e-01	2.973518e+01	5.592385e+04
1.286393e+00	3.601900e+01	4.607467e-11	4.791815e-01	2.972139e+01	5.648688e+04
1.293500e+00	3.621800e+01	4.578483e-11	4.791670e-01	2.969855e+01	6.160323e+04
1.300607e+00	3.641700e+01	4.548509e-11	4.791516e-01	2.966593e+01	6.605070e+04
1.307714e+00	3.661600e+01	4.516859e-11	4.791359e-01	2.965999e+01	6.230274e+04
1.314821e+00	3.681500e+01	4.482939e-11	4.791213e-01	2.960884e+01	6.191217e+04
1.321929e+00	3.701400e+01	4.447626e-11	4.791063e-01	2.954892e+01	6.863974e+04
1.329036e+00	3.721300e+01	4.412325e-11	4.790905e-01	2.953438e+01	6.961436e+04
1.336143e+00	3.741200e+01	4.377528e-11	4.790750e-01	2.950295e+01	7.333919e+04
1.343250e+00	3.761100e+01	4.343899e-11	4.790598e-01	2.946127e+01	7.130113e+04
1.350357e+00	3.781000e+01	4.311859e-11	4.790445e-01	2.945453e+01	8.129228e+04
1.357464e+00	3.800900e+01	4.280530e-11	4.790298e-01	2.943398e+01	8.273173e+04
1.364571e+00	3.820800e+01	4.249745e-11	4.790154e-01	2.935312e+01	8.502602e+04
1.371679e+00	3.840700e+01	4.220554e-11	4.790009e-01	2.930747e+01	8.552401e+04
1.378786e+00	3.860600e+01	4.193134e-11	4.789856e-01	2.930949e+01	8.387693e+04
1.385893e+00	3.880500e+01	4.166792e-11	4.789701e-01	2.926138e+01	8.633587e+04
1.393000e+00	3.900400e+01	4.141971e-11	4.789548e-01	2.919228e+01	9.768799e+04
1.400107e+00	3.920300e+01	4.119418e-11	4.789398e-01	2.914625e+01	9.328429e+04
1.407214e+00	3.940200e+01	4.099140e-11	4.789253e-01	2.911244e+01	9.775938e+04
1.414321e+00	3.960100e+01	4.080944e-11	4.789109e-01	2.906287e+01	1.127338e+05
1.421429e+00	3.980000e+01	4.065027e-11	4.788967e-01	2.899666e+01	1.189215e+05
1.428536e+00	3.999900e+01	4.051399e-11	4.788830e-01	2.894646e+01	1.145037e+05
1.435643e+00	4.019800e+01	4.039647e-11	4.788690e-01	2.893630e+01	1.279063e+05
1.442750e+00	4.039700e+01	4.029444e-11	4.788541e-01	2.894551e+01	1.567000e+05
1.449857e+00	4.059600e+01	4.020613e-11	4.788380e-01	2.890382e+01	1.475308e+05
1.456964e+00	4.079500e+01	4.013175e-11	4.788220e-01	2.879981e+01	1.312226e+05
1.464071e+00	4.099400e+01	4.007470e-11	4.788069e-01	2.869692e+01	1.344289e+05
1.471179e+00	4.119300e+01	4.003884e-11	4.787930e-01	2.861956e+01	1.354213e+05
1.478286e+00	4.139200e+01	4.002623e-11	4.787798e-01	2.855812e+01	1.333281e+05
1.485393e+00	4.159100e+01	4.003962e-11	4.787663e-01	2.851383e+01	1.379750e+05
1.492500e+00	4.179000e+01	4.008048e-11	4.787519e-01	2.848754e+01	1.365667e+05
1.499607e+00	4.198900e+01	4.014642e-11	4.787366e-01	2.845630e+01	1.261626e+05
1.506714e+00	4.218800e+01	4.023517e-11	4.787213e-01	2.841550e+01	1.245782e+05
1.513821e+00	4.238700e+01	4.034223e-11	4.787067e-01	2.837011e+01	1.307519e+05
1.520929e+00	4.258600e+01	4.046437e-11	4.786929e-01	2.831191e+01	1.331647e+05
1.528036e+00	4.278500e+01	4.059753e-11	4.786792e-01	2.824136e+01	1.299613e+05
1.535143e+00	4.298400e+01	4.073854e-11	4.786655e-01	2.817375e+01	1.224588e+05
1.542250e+00	4.318300e+01	4.088455e-11	4.786521e-01	2.812123e+01	1.202023e+05
1.549357e+00	4.338200e+01	4.103228e-11	4.786389e-01	2.807707e+01	1.253722e+05
1.556464e+00	4.358100e+01	4.118091e-11	4.786254e-01	2.803421e+01	1.216125e+05
1.563571e+00	4.378000e+01	4.132961e-11	4.786110e-01	2.800324e+01	1.183418e+05
1.570679e+00	4.397900e+01	4.147365e-11	4.785961e-01	2.797027e+01	1.167634e+05
1.577786e+00	4.417800e+01	4.160859e-11	4.785813e-01	2.791944e+01	1.098856e+05
1.584893e+00	4.437700e+01	4.173372e-11	4.785667e-01	2.787212e+01	1.053153e+05
1.592000e+00	4.457600e+01	4.185086e-11	4.785520e-01	2.781380e+01	1.029651e+05
1.599107e+00	4.477500e+01	4.195887e-11	4.785375e-01	2.773827e+01	1.031038e+05
1.606214e+00	4.497400e+01	4.205206e-11	4.785233e-01	2.767472e+01	1.058067e+05
1.613321e+00	4.517300e+01	4.212532e-11	4.785094e-01	2.762848e+01	1.082516e+05
1.620429e+00	4.537200e+01	4.217719e-11	4.784960e-01	2.758770e+01	1.095516e+05
1.627536e+00	4.557100e+01	4.221138e-11	4.784829e-01	2.754845e+01	1.113987e+05
1.634643e+00	4.577000e+01	4.223491e-11	4.784697e-01	2.749815e+01	1.113817e+05
1.641750e+00	4.596900e+01	4.225290e-11	4.784562e-01	2.743647e+01	1.119944e+05
1.648857e+00	4.616800e+01	4.227094e-11	4.784424e-01	2.737445e+01	1.159257e+05
1.655964e+00	4.636700e+01	4.229300e-11	4.784286e-01	2.732280e+01	1.189132e+05
1.663071e+00	4.656600e+01	4.231686e-11	4.784147e-01	2.728511e+01	1.195623e+05
1.670179e+00	4.676500e+01	4.233714e-11	4.784008e-01	2.725316e+01	1.224587e+05
1.677286e+00	4.696400e+01	4.235144e-11	4.783870e-01	2.720611e+01	1.224462e+05
1.684393e+00	4.716300e+01	4.235986e-11	4.783733e-01	2.714334e+01	1.208013e+05
1.691500e+00	4.736200e+01	4.236499e-11	4.783597e-01	2.708970e+01	1.225038e+05
1.698607e+00	4.756100e+01	4.236784e-11	4.783461e-01	2.704917e+01	1.235078e+05
1.705714e+00	4.776000e+01	4.236806e-11	4.783328e-01	2.700745e+01	1.247510e+05
1.712821e+00	4.795900e+01	4.236571e-11	4.783197e-01	2.695972e+01	1.292945e+05
1.719929e+00	4.815800e+01	4.236104e-11	4.783067e-01	2.690524e+01	1.310876e+05
1.727036e+00	4.835700e+01	4.235516e-11	4.782936e-01	2.684246e+01	1.284533e+05
1.734143e+00	4.855600e+01	4.234905e-11	4.782803e-01	2.677877e+01	1.318792e+05
1.741250e+00	4.875500e+01	4.234441e-11	4.782667e-01	2.672095e+01	1.445405e+05
1.748357e+00	4.895400e+01	4.234283e-11	4.782528e-01	2.666556e+01	1.566449e+05
1.755464e+00	4.915300e+01	4.234232e-11	4.782384e-01	2.660990e+01	1.638157e+05
1.762571e+00	4.935200e+01	4.234111e-11	4.782240e-01	2.655463e+01	1.665865e+05
1.769679e+00	4.955100e+01	4.233890e-11	4.782100e-01	2.650141e+01	1.632283e+05
1.776786e+00	4.975000e+01	4.233786e-11	4.781968e-01	2.645168e+01	1.555924e+05
1.783893e+00	4.994900e+01	4.233964e-11	4.781841e-01	2.640468e+01	1.497616e+05
1.791000e+00	5.014800e+01	4.234782e-11	4.781715e-01	2.635939e+01	1.512897e+05
1.798107e+00	5.034700e+01	4.236734e-11	4.781589e-01	2.631687e+01	1.594646e+05
1.805214e+00	5.054600e+01	4.240233e-11	4.781459e-01	2.627250e+01	1.635189e+05
1.812321e+00	5.074500e+01	4.245402e-11	4.781325e-01	2.622646e+01	1.587285e+05
1.819429e+00	5.094400e+01	4.252009e-11	4.781188e-01	2.618552e+01	1.518484e+05
1.826536e+00	5.114300e+01	4.259634e-11	4.781051e-01	2.613338e+01	1.442903e+05
1.833643e+00	5.134200e+01	4.268015e-11	4.780914e-01	2.605457e+01	1.372194e+05
1.840750e+00	5.154100e+01	4.277191e-11	4.780781e-01	2.597618e+01	1.380354e+05
1.847857e+00	5.174000e+01	4.287238e-11	4.780652e-01	2.592456e+01	1.429224e+05
1.854964e+00	5.193900e+01	4.298041e-11	4.780528e-01	2.589242e+01	1.423918e+05
1.862071e+00	5.213800e+01	4.309396e-11	4.780405e-01	2.586053e+01	1.356379e+05
1.869179e+00	5.233700e+01	4.321228e-11	4.780280e-01	2.582295e+01	1.300740e+05
1.876286e+00	5.253600e+01	4.333434e-11	4.780150e-01	2.577204e+01	1.208908e+05
1.883393e+00	5.273500e+01	4.345861e-11	4.780018e-01	2.569671e+01	1.112332e+05
1.890500e+00	5.293400e+01	4.358483e-11	4.779890e-01	2.562034e+01	1.217273e+05
1.897607e+00	5.313300e+01	4.371318e-11	4.779770e-01	2.556494e+01	1.308704e+05
1.904714e+00	5.333200e+01	4.384180e-11	4.779652e-01	2.553262e+01	1.233839e+05
1.911821e+00	5.353100e+01	4.396780e-11	4.779532e-01	2.551950e+01	1.157357e+05
1.918929e+00	5.373000e+01	4.408710e-11	4.779408e-01	2.550315e+01	1.111826e+05
1.926036e+00	5.392900e+01	4.419738e-11	4.779280e-01	2.546598e+01	1.070989e+05
1.933143e+00	5.412800e+01	4.429889e-11	4.779153e-01	2.541250e+01	1.045902e+05
1.940250e+00	5.432700e+01	4.439040e-11	4.779029e-01	2.535808e+01	1.072146e+05
1.947357e+00	5.452600e+01	4.447101e-11	4.778909e-01	2.531304e+01	1.107285e+05
1.954464e+00	5.472500e+01	4.453923e-11	4.778791e-01	2.527970e+01	1.067784e+05
1.961571e+00	5.492400e+01	4.459382e-11	4.778677e-01	2.525568e+01	9.618937e+04
1.968679e+00	5.512300e+01	4.463410e-11	4.778564e-01	2.523518e+01	8.557025e+04
1.975786e+00	5.532200e+01	4.465914e-11	4.778451e-01	2.521150e+01	7.789664e+04
1.982893e+00	5.552100e+01	4.466864e-11	4.778337e-01	2.518198e+01	7.282178e+04
1.990000e+00	5.572000e+01	4.466258e-11	4.778218e-01	2.515026e+01	6.975208e+04
1.997107e+00	5.591900e+01	4.463905e-11	4.778096e-01	2.512015e+01	6.731584e+04
2.004214e+00	5.611800e+01	4.459728e-11	4.777972e-01	2.509119e+01	6.439092e+04
2.011321e+00	5.631700e+01	4.453752e-11	4.777846e-01	2.506293e+01	6.122791e+04
2.018429e+00	5.651600e+01	4.446000e-11	4.777720e-01	2.503636e+01	5.827926e+04
2.025536e+00	5.671500e+01	4.436640e-11	4.777593e-01	2.501084e+01	5.556349e+04
2.032643e+00	5.691400e+01	4.425819e-11	4.777467e-01	2.498555e+01	5.358722e+04
2.039750e+00	5.711300e+01	4.413601e-11	4.777341e-01	2.496296e+01	5.286617e+04
2.046857e+00	5.731200e+01	4.400101e-11	4.777217e-01	2.494555e+01	5.248655e+04
2.053964e+00	5.751100e+01	4.385298e-11	4.777092e-01	2.493019e+01	5.111493e+04
2.061071e+00	5.771000e+01	4.369372e-11	4.776969e-01	2.491187e+01	4.889562e+04
2.068179e+00	5.790900e+01	4.352575e-11	4.776847e-01	2.489021e+01	4.775657e+04
2.075286e+00	5.810800e+01	4.335103e-11	4.776728e-01	2.486821e+01	4.836020e+04
2.082393e+00	5.830700e+01	4.317124e-11	4.776608e-01	2.484950e+01	4.842404e+04
2.089500e+00	5.850600e+01	4.298738e-11	4.776488e-01	2.483619e+01	4.626044e+04
2.096607e+00	5.870500e+01	4.280237e-11	4.776366e-01	2.482583e+01	4.319570e+04
2.103714e+00	5.890400e+01	4.261952e-11	4.776244e-01	2.481476e+01	4.104288e+04
2.110821e+00	5.910300e+01	4.244159e-11	4.776118e-01	2.479988e+01	3.938751e+04
2.117929e+00	5.930200e+01	4.227107e-11	4.775992e-01	2.477779e+01	3.711395e+04
2.125036e+00	5.950100e+01	4.210949e-11	4.775866e-01	2.474989e+01	3.515000e+04
2.132143e+00	5.970000e+01	4.195802e-11	4.775742e-01	2.472253e+01	3.438146e+04
2.139250e+00	5.989900e+01	4.181767e-11	4.775617e-01	2.470072e+01	3.417458e+04
2.146357e+00	6.009800e+01	4.168884e-11	4.775492e-01	2.468427e+01	3.427971e+04
2.153464e+00	6.029700e+01	4.157135e-11	4.775367e-01	2.466933e+01	3.498361e+04
2.160571e+00	6.049600e+01	4.146588e-11	4.775243e-01	2.465289e+01	3.645245e+04
2.167679e+00	6.069500e+01	4.137223e-11	4.775121e-01	2.463479e+01	3.820936e+04
2.174786e+00	6.089400e+01	4.129079e-11	4.774999e-01	2.461803e+01	4.019762e+04
2.181893e+00	6.109300e+01	4.122268e-11	4.774875e-01	2.460543e+01	4.253099e+04
2.189000e+00	6.129200e+01	4.116834e-11	4.774750e-01	2.459482e+01	4.405798e+04
2.196107e+00	6.149100e+01	4.112750e-11	4.774624e-01	2.458170e+01	4.406249e+04
2.203214e+00	6.169000e+01	4.109932e-11	4.774499e-01	2.456540e+01	4.348972e+04
2.210321e+00	6.188900e+01	4.108355e-11	4.774375e-01	2.454872e+01	4.351303e+04
2.217429e+00	6.208800e+01	4.107851e-11	4.774253e-01	2.453215e+01	4.349876e+04
2.224536e+00	6.228700e+01	4.108333e-11	4.774130e-01	2.451287e+01	4.186895e+04
2.231643e+00	6.248600e+01	4.109758e-11	4.774007e-01	2.449114e+01	3.946358e+04
2.238750e+00	6.268500e+01	4.112041e-11	4.773884e-01	2.447173e+01	3.828012e+04
2.245857e+00	6.288400e+01	4.115208e-11	4.773761e-01	2.445706e+01	3.783230e+04
2.252964e+00	6.308300e+01	4.119185e-11	4.773639e-01	2.444463e+01	3.627629e+04
2.260071e+00	6.328200e+01	4.123939e-11	4.773517e-01	2.443190e+01	3.351268e+04
2.267179e+00	6.348100e+01	4.129315e-11	4.773395e-01	2.441850e+01	3.103901e+04
2.274286e+00	6.368000e+01	4.135222e-11	4.773271e-01	2.440393e+01	2.956987e+04
2.281393e+00	6.387900e+01	4.141527e-11	4.773147e-01	2.438758e+01	2.856877e+04
2.288500e+00	6.407800e+01	4.148058e-11	4.773023e-01	2.437091e+01	2.769264e+04
2.295607e+00	6.427700e+01	4.154640e-11	4.772899e-01	2.435667e+01	2.689036e+04
2.302714e+00	6.447600e+01	4.161173e-11	4.772776e-01	2.434616e+01	2.608519e+04
2.309821e+00	6.467500e+01	4.167519e-11	4.772653e-01	2.433846e+01	2.553893e+04
2.316929e+00	6.487400e+01	4.173591e-11	4.772529e-01	2.433126e+01	2.550218e+04
2.324036e+00	6.507300e+01	4.179365e-11	4.772404e-01	2.432222e+01	2.570503e+04
2.331143e+00	6.527200e+01	4.184729e-11	4.772278e-01	2.431039e+01	2.578232e+04
2.338250e+00	6.547100e+01	4.189687e-11	4.772151e-01	2.429672e+01	2.560788e+04
2.345357e+00	6.567000e+01	4.194136e-11	4.772025e-01	2.428327e+01	2.514528e+04
2.352464e+00	6.586900e+01	4.198010e-11	4.771900e-01	2.427124e+01	2.474156e+04
2.359571e+00	6.606800e+01	4.201279e-11	4.771776e-01	2.426004e+01	2.502004e+04
2.366679e+00	6.626700e+01	4.203941e-11	4.771653e-01	2.424834e+01	2.590940e+04
2.373786e+00	6.646600e+01	4.205976e-11	4.771531e-01	2.423579e+01	2.664121e+04
2.380893e+00	6.666500e+01	4.207398e-11	4.771410e-01	2.422348e+01	2.674482e+04
2.388000e+00	6.686400e+01	4.208269e-11	4.771290e-01	2.421260e+01	2.647663e+04
2.395107e+00	6.706300e+01	4.208536e-11	4.771171e-01	2.420302e+01	2.633796e+04
2.402214e+00	6.726200e+01	4.208249e-11	4.771053e-01	2.419318e+01	2.645857e+04
2.409321e+00	6.746100e+01	4.207420e-11	4.770934e-01	2.418163e+01	2.665641e+04
2.416429e+00	6.766000e+01	4.206114e-11	4.770815e-01	2.416844e+01	2.685397e+04
2.423536e+00	6.785900e+01	4.204369e-11	4.770695e-01	2.415487e+01	2.706308e+04
2.430643e+00	6.805800e+01	4.202344e-11	4.770575e-01	2.414228e+01	2.718549e+04
2.437750e+00	6.825700e+01	4.200023e-11	4.770455e-01	2.413153e+01	2.704335e+04
2.444857e+00	6.845600e+01	4.197523e-11	4.770334e-01	2.412267e+01	2.650221e+04
2.451964e+00	6.865500e+01	4.194848e-11	4.770213e-01	2.411490e+01	2.565693e+04
2.459071e+00	6.885400e+01	4.192153e-11	4.770092e-01	2.410678e+01	2.490340e+04
2.466179e+00	6.905300e+01	4.189500e-11	4.769969e-01	2.409714e+01	2.466299e+04
2.473286e+00	6.925200e+01	4.187068e-11	4.769846e-01	2.408592e+01	2.503862e+04
2.480393e+00	6.945100e+01	4.184938e-11	4.769722e-01	2.407386e+01	2.571227e+04
2.487500e+00	6.965000e+01	4.183238e-11	4.769598e-01	2.406159e+01	2.626676e+04
2.494607e+00	6.984900e+01	4.182033e-11	4.769474e-01	2.404905e+01	2.663198e+04
2.501714e+00	7.004800e+01	4.181378e-11	4.769350e-01	2.403601e+01	2.701670e+04
2.508821e+00	7.024700e+01	4.181371e-11	4.769226e-01	2.402275e+01	2.753605e+04
2.515929e+00	7.044600e+01	4.182095e-11	4.769101e-01	2.401006e+01	2.806458e+04
2.523036e+00	7.064500e+01	4.183625e-11	4.768976e-01	2.399859e+01	2.841789e+04
2.530143e+00	7.084400e+01	4.185988e-11	4.768852e-01	2.398825e+01	2.859352e+04
2.537250e+00	7.104300e+01	4.189224e-11	4.768729e-01	2.397808e+01	2.868889e+04
2.544357e+00	7.124200e+01	4.193312e-11	4.768606e-01	2.396686e+01	2.869409e+04
2.551464e+00	7.144100e+01	4.198311e-11	4.768486e-01	2.395411e+01	2.861588e+04
2.558571e+00	7.164000e+01	4.204157e-11	4.768366e-01	2.394066e+01	2.860743e+04
2.565679e+00	7.183900e+01	4.210885e-11	4.768247e-01	2.392792e+01	2.868043e+04
2.572786e+00	7.203800e+01	4.218430e-11	4.768128e-01	2.391633e+01	2.857142e+04
2.579893e+00	7.223700e+01	4.226716e-11	4.768010e-01	2.390518e+01	2.823844e+04
2.587000e+00	7.243600e+01	4.235610e-11	4.767892e-01	2.389396e+01	2.805642e+04
2.594107e+00	7.263500e+01	4.244955e-11	4.767776e-01	2.388331e+01	2.806421e+04
2.601214e+00	7.283400e+01	4.254654e-11	4.767658e-01	2.387439e+01	2.778753e+04
2.608321e+00	7.303300e+01	4.264542e-11	4.767539e-01	2.386761e+01	2.709516e+04
2.615429e+00	7.323200e+01	4.274564e-11	4.767415e-01	2.386169e+01	2.626977e+04
2.622536e+00	7.343100e+01	4.284577e-11	4.767289e-01	2.385411e+01	2.547483e+04
2.629643e+00	7.363000e+01	4.294488e-11	4.767159e-01	2.384311e+01	2.486832e+04
2.636750e+00	7.382900e+01	4.304103e-11	4.767029e-01	2.382908e+01	2.462243e+04
2.643857e+00	7.402800e+01	4.313340e-11	4.766899e-01	2.381378e+01	2.447477e+04
2.650964e+00	7.422700e+01	4.322007e-11	4.766772e-01	2.379883e+01	2.386846e+04
2.658071e+00	7.442600e+01	4.329950e-11	4.766648e-01	2.378527e+01	2.268038e+04
2.665179e+00	7.462500e+01	4.337099e-11	4.766526e-01	2.377382e+01	2.137390e+04
2.672286e+00	7.482400e+01	4.343326e-11	4.766408e-01	2.376476e+01	2.041681e+04
2.679393e+00	7.502300e+01	4.348506e-11	4.766290e-01	2.375766e+01	1.988018e+04
2.686500e+00	7.522200e+01	4.352577e-11	4.766173e-01	2.375151e+01	1.960619e+04
2.693607e+00	7.542100e+01	4.355445e-11	4.766056e-01	2.374526e+01	1.952557e+04
2.700714e+00	7.562000e+01	4.356992e-11	4.765938e-01	2.373822e+01	1.971493e+04
2.707821e+00	7.581900e+01	4.357185e-11	4.765819e-01	2.373021e+01	2.019339e+04
2.714929e+00	7.601800e+01	4.355883e-11	4.765699e-01	2.372136e+01	2.072509e+04
2.722036e+00	7.621700e+01	4.353116e-11	4.765578e-01	2.371204e+01	2.088509e+04
2.729143e+00	7.641600e+01	4.348886e-11	4.765457e-01	2.370260e+01	2.040657e+04
2.736250e+00	7.661500e+01	4.343157e-11	4.765337e-01	2.369330e+01	1.945748e+04
2.743357e+00	7.681400e+01	4.336009e-11	4.765218e-01	2.368419e+01	1.847920e+04
2.750464e+00	7.701300e+01	4.327470e-11	4.765100e-01	2.367521e+01	1.778349e+04
2.757571e+00	7.721200e+01	4.317666e-11	4.764984e-01	2.366651e+01	1.739096e+04
2.764679e+00	7.741100e+01	4.306636e-11	4.764868e-01	2.365850e+01	1.715670e+04
2.771786e+00	7.761000e+01	4.294546e-11	4.764752e-01	2.365157e+01	1.692709e+04
2.778893e+00	7.780900e+01	4.281468e-11	4.764635e-01	2.364556e+01	1.666343e+04
2.786000e+00	7.800800e+01	4.267550e-11	4.764517e-01	2.363970e+01	1.647833e+04
2.793107e+00	7.820700e+01	4.252948e-11	4.764398e-01	2.363317e+01	1.645114e+04
2.800214e+00	7.840600e+01	4.237857e-11	4.764279e-01	2.362567e+01	1.645072e+04
2.807321e+00	7.860500e+01	4.222438e-11	4.764160e-01	2.361763e+01	1.630039e+04
2.814429e+00	7.880400e+01	4.206818e-11	4.764042e-01	2.360990e+01	1.604211e+04
2.821536e+00	7.900300e+01	4.191236e-11	4.763923e-01	2.360311e+01	1.587017e+04
2.828643e+00	7.920200e+01	4.175728e-11	4.763803e-01	2.359708e+01	1.586894e+04
2.835750e+00	7.940100e+01	4.160545e-11	4.763683e-01	2.359099e+01	1.596140e+04
2.842857e+00	7.960000e+01	4.145800e-11	4.763562e-01	2.358406e+01	1.605274e+04
2.849964e+00	7.979900e+01	4.131598e-11	4.763440e-01	2.357598e+01	1.609655e+04
2.857071e+00	7.999800e+01	4.118095e-11	4.763319e-01	2.356692e+01	1.608086e+04
2.864179e+00	8.019700e+01	4.105421e-11	4.763197e-01	2.355724e+01	1.605024e+04
2.871286e+00	8.039600e+01	4.093637e-11	4.763076e-01	2.354750e+01	1.605468e+04
2.878393e+00	8.059500e+01	4.082904e-11	4.762955e-01	2.353844e+01	1.606248e+04
2.885500e+00	8.079400e+01	4.073210e-11	4.762836e-01	2.353066e+01	1.606876e+04
2.892607e+00	8.099300e+01	4.064680e-11	4.762717e-01	2.352426e+01	1.611150e+04
2.899714e+00	8.119200e+01	4.057325e-11	4.762598e-01	2.351858e+01	1.612774e+04
2.906821e+00	8.139100e+01	4.051178e-11	4.762478e-01	2.351266e+01	1.607033e+04
2.913929e+00	8.159000e+01	4.046261e-11	4.762358e-01	2.350575e+01	1.600592e+04
2.921036e+00	8.178900e+01	4.042555e-11	4.762238e-01	2.349771e+01	1.597284e+04
2.928143e+00	8.198800e+01	4.040075e-11	4.762117e-01	2.348898e+01	1.588582e+04
2.935250e+00	8.218700e+01	4.038777e-11	4.761998e-01	2.348029e+01	1.570666e+04
2.942357e+00	8.238600e+01	4.038709e-11	4.761878e-01	2.347232e+01	1.563237e+04
2.949464e+00	8.258500e+01	4.039762e-11	4.761759e-01	2.346527e+01	1.572337e+04
2.956571e+00	8.278400e+01	4.041981e-11	4.761639e-01	2.345852e+01	1.569792e+04
2.963679e+00	8.298300e+01	4.045238e-11	4.761520e-01	2.345129e+01	1.553809e+04
2.970786e+00	8.318200e+01	4.049497e-11	4.761400e-01	2.344356e+01	1.556831e+04
2.977893e+00	8.338100e+01	4.054719e-11	4.761282e-01	2.343574e+01	1.578425e+04
2.985000e+00	8.358000e+01	4.060804e-11	4.761164e-01	2.342811e+01	1.587886e+04
2.992107e+00	8.377900e+01	4.067671e-11	4.761047e-01	2.342070e+01	1.579663e+04
2.999214e+00	8.397800e+01	4.075246e-11	4.760930e-01	2.341340e+01	1.572008e+04
3.006321e+00	8.417700e+01	4.083410e-11	4.760812e-01	2.340600e+01	1.572294e+04
3.013429e+00	8.437600e+01	4.092032e-11	4.760695e-01	2.339846e+01	1.573877e+04
3.020536e+00	8.457500e+01	4.101061e-11	4.760577e-01	2.339103e+01	1.572706e+04
3.027643e+00	8.477400e+01	4.110258e-11	4.760460e-01	2.338400e+01	1.571020e+04
3.034750e+00	8.497300e+01	4.119649e-11	4.760343e-01	2.337738e+01	1.569004e+04
3.041857e+00	8.517200e+01	4.129037e-11	4.760225e-01	2.337094e+01	1.560527e+04
3.048964e+00	8.537100e+01	4.138371e-11	4.760107e-01	2.336441e+01	1.539267e+04
3.056071e+00	8.557000e+01	4.147508e-11	4.759989e-01	2.335763e+01	1.507127e+04
3.063179e+00	8.576900e+01	4.156373e-11	4.759870e-01	2.335060e+01	1.474229e+04
3.070286e+00	8.596800e+01	4.164872e-11	4.759752e-01	2.334342e+01	1.451399e+04
3.077393e+00	8.616700e+01	4.172882e-11	4.759633e-01	2.333620e+01	1.443681e+04
3.084500e+00	8.636600e+01	4.180363e-11	4.759514e-01	2.332912e+01	1.448832e+04
3.091607e+00	8.656500e+01	4.187244e-11	4.759396e-01	2.332229e+01	1.459215e+04
3.098714e+00	8.676400e+01	4.193440e-11	4.759278e-01	2.331579e+01	1.465591e+04
3.105821e+00	8.696300e+01	4.198905e-11	4.759161e-01	2.330956e+01	1.461775e+04
3.112929e+00	8.716200e+01	4.203604e-11	4.759043e-01	2.330354e+01	1.447182e+04
3.120036e+00	8.736100e+01	4.207528e-11	4.758926e-01	2.329762e+01	1.425084e+04
3.127143e+00	8.756000e+01	4.210613e-11	4.758808e-01	2.329164e+01	1.398935e+04
3.134250e+00	8.775900e+01	4.212896e-11	4.758690e-01	2.328546e+01	1.370762e+04
3.141357e+00	8.795800e+01	4.214314e-11	4.758572e-01	2.327900e+01	1.342127e+04
3.148464e+00	8.815700e+01	4.214951e-11	4.758454e-01	2.327231e+01	1.315321e+04
3.155571e+00	8.835600e+01	4.214810e-11	4.758336e-01	2.326551e+01	1.293093e+04
3.162679e+00	8.855500e+01	4.213972e-11	4.758218e-01	2.325874e+01	1.277484e+04
3.169786e+00	8.875400e+01	4.212429e-11	4.758099e-01	2.325209e+01	1.269482e+04
3.176893e+00	8.895300e+01	4.210307e-11	4.757981e-01	2.324556e+01	1.269615e+04
3.184000e+00	8.915200e+01	4.207660e-11	4.757863e-01	2.323912e+01	1.278168e+04
3.191107e+00	8.935100e+01	4.204568e-11	4.757745e-01	2.323271e+01	1.294588e+04
3.198214e+00	8.955000e+01	4.201108e-11	4.757627e-01	2.322627e+01	1.317215e+04
3.205321e+00	8.974900e+01	4.197343e-11	4.757509e-01	2.321982e+01	1.343892e+04
3.212429e+00	8.994800e+01	4.193398e-11	4.757391e-01	2.321335e+01	1.372677e+04
3.219536e+00	9.014700e+01	4.189300e-11	4.757273e-01	2.320691e+01	1.401952e+04
3.226643e+00	9.034600e+01	4.185147e-11	4.757155e-01	2.320051e+01	1.430154e+04
3.233750e+00	9.054500e+01	4.181055e-11	4.757037e-01	2.319417e+01	1.455709e+04
3.240857e+00	9.074400e+01	4.177058e-11	4.756919e-01	2.318789e+01	1.477359e+04
3.247964e+00	9.094300e+01	4.173228e-11	4.756801e-01	2.318164e+01	1.494498e+04
3.255071e+00	9.114200e+01	4.169638e-11	4.756683e-01	2.317537e+01	1.506990e+04
3.262179e+00	9.134100e+01	4.166370e-11	4.756565e-01	2.316898e+01	1.514471e+04
3.269286e+00	9.154000e+01	4.163435e-11	4.756447e-01	2.316242e+01	1.516233e+04
3.276393e+00	9.173900e+01	4.160920e-11	4.756329e-01	2.315567e+01	1.512333e+04
3.283500e+00	9.193800e+01	4.158846e-11	4.756212e-01	2.314879e+01	1.504412e+04
3.290607e+00	9.213700e+01	4.157237e-11	4.756094e-01	2.314185e+01	1.494644e+04
3.297714e+00	9.233600e+01	4.156135e-11	4.755977e-01	2.313491e+01	1.483924e+04
3.304821e+00	9.253500e+01	4.155529e-11	4.755859e-01	2.312801e+01	1.471534e+04
3.311929e+00	9.273400e+01	4.155484e-11	4.755741e-01	2.312115e+01	1.456446e+04
3.319036e+00	9.293300e+01	4.155913e-11	4.755623e-01	2.311436e+01	1.438570e+04
3.326143e+00	9.313200e+01	4.156859e-11	4.755505e-01	2.310764e+01	1.418799e+04
3.333250e+00	9.333100e+01	4.158293e-11	4.755387e-01	2.310099e+01	1.398174e+04
3.340357e+00	9.353000e+01	4.160203e-11	4.755269e-01	2.309435e+01	1.377351e+04
3.347464e+00	9.372900e+01	4.162532e-11	4.755151e-01	2.308769e+01	1.356945e+04
3.354571e+00	9.392800e+01	4.165275e-11	4.755033e-01	2.308101e+01	1.337975e+04
3.361679e+00	9.412700e+01	4.168348e-11	4.754915e-01	2.307435e+01	1.321665e+04
3.368786e+00	9.432600e+01	4.171726e-11	4.754798e-01	2.306778e+01	1.308884e+04
3.375893e+00	9.452500e+01	4.175340e-11	4.754680e-01	2.306135e+01	1.299731e+04
3.383000e+00	9.472400e+01	4.179158e-11	4.754563e-01	2.305508e+01	1.293348e+04
3.390107e+00	9.492300e+01	4.183095e-11	4.754446e-01	2.304899e+01	1.287970e+04
3.397214e+00	9.512200e+01	4.187150e-11	4.754329e-01	2.304309e+01	1.281439e+04
3.404321e+00	9.532100e+01	4.191179e-11	4.754212e-01	2.303735e+01	1.272182e+04
3.411429e+00	9.552000e+01	4.195166e-11	4.754095e-01	2.303171e+01	1.260202e+04
3.418536e+00	9.571900e+01	4.199065e-11	4.753978e-01	2.302610e+01	1.247217e+04
3.425643e+00	9.591800e+01	4.202764e-11	4.753861e-01	2.302045e+01	1.235448e+04
3.432750e+00	9.611700e+01	4.206241e-11	4.753743e-01	2.301468e+01	1.225883e+04
3.439857e+00	9.631600e+01	4.209441e-11	4.753625e-01	2.300878e+01	1.217562e+04
3.446964e+00	9.651500e+01	4.212301e-11	4.753507e-01	2.300273e+01	1.208524e+04
3.454071e+00	9.671400e+01	4.214745e-11	4.753389e-01	2.299657e+01	1.197476e+04
3.461179e+00	9.691300e+01	4.216810e-11	4.753271e-01	2.299034e+01	1.184666e+04
3.468286e+00	9.711200e+01	4.218367e-11	4.753154e-01	2.298408e+01	1.171387e+04
3.475393e+00	9.731100e+01	4.219439e-11	4.753037e-01	2.297787e+01	1.158884e+04
3.482500e+00	9.751000e+01	4.219987e-11	4.752921e-01	2.297174e+01	1.147812e+04
3.489607e+00	9.770900e+01	4.219970e-11	4.752805e-01	2.296577e+01	1.138483e+04
3.496714e+00	9.790800e+01	4.219407e-11	4.752689e-01	2.295997e+01	1.131281e+04
3.503821e+00	9.810700e+01	4.218267e-11	4.752573e-01	2.295436e+01	1.126706e+04
3.510929e+00	9.830600e+01	4.216538e-11	4.752458e-01	2.294892e+01	1.125098e+04
3.518036e+00	9.850500e+01	4.214274e-11	4.752342e-01	2.294359e+01	1.126318e+04
3.525143e+00	9.870400e+01	4.211442e-11	4.752227e-01	2.293834e+01	1.129565e+04
3.532250e+00	9.890300e+01	4.208116e-11	4.752111e-01	2.293309e+01	1.133500e+04
3.539357e+00	9.910200e+01	4.204265e-11	4.751995e-01	2.292781e+01	1.136825e+04
3.546464e+00	9.930100e+01	4.199992e-11	4.751878e-01	2.292245e+01	1.138982e+04
3.553571e+00	9.950000e+01	4.195332e-11	4.751762e-01	2.291700e+01	1.140341e+04
3.560679e+00	9.969900e+01	4.190286e-11	4.751645e-01	2.291145e+01	1.141691e+04
3.567786e+00	9.989800e+01	4.184924e-11	4.751529e-01	2.290582e+01	1.143568e+04
3.574893e+00	1.000970e+02	4.179363e-11	4.751412e-01	2.290013e+01	1.146046e+04
3.582000e+00	1.002960e+02	4.173609e-11	4.751296e-01	2.289440e+01	1.148986e+04
3.589107e+00	1.004950e+02	4.167708e-11	4.751179e-01	2.288866e+01	1.152296e+04
3.596214e+00	1.006940e+02	4.161778e-11	4.751063e-01	2.288292e+01	1.155947e+04
3.603321e+00	1.008930e+02	4.155817e-11	4.750946e-01	2.287720e+01	1.159837e+04
3.610429e+00	1.010920e+02	4.149952e-11	4.750830e-01	2.287150e+01	1.163754e+04
3.617536e+00	1.012910e+02	4.144187e-11	4.750714e-01	2.286582e+01	1.167472e+04
3.624643e+00	1.014900e+02	4.138626e-11	4.750597e-01	2.286014e+01	1.170827e+04
3.631750e+00	1.016890e+02	4.133304e-11	4.750481e-01	2.285445e+01	1.173679e+04
3.638857e+00	1.018880e+02	4.128238e-11	4.750365e-01	2.284873e+01	1.175833e+04
3.645964e+00	1.020870e+02	4.123553e-11	4.750248e-01	2.284295e+01	1.177005e+04
3.653071e+00	1.022860e+02	4.119273e-11	4.750132e-01	2.283708e+01	1.176894e+04
3.660179e+00	1.024850e+02	4.115383e-11	4.750015e-01	2.283113e+01	1.175330e+04
3.667286e+00	1.026840e+02	4.111998e-11	4.749899e-01	2.282511e+01	1.172418e+04
3.674393e+00	1.028830e+02	4.109081e-11	4.749782e-01	2.281906e+01	1.168525e+04
3.681500e+00	1.030820e+02	4.106695e-11	4.749666e-01	2.281303e+01	1.164151e+04
3.688607e+00	1.032810e+02	4.104857e-11	4.749550e-01	2.280704e+01	1.159846e+04
3.695714e+00	1.034800e+02	4.103601e-11	4.749434e-01	2.280114e+01	1.156178e+04
3.702821e+00	1.036790e+02	4.102908e-11	4.749318e-01	2.279534e+01	1.153590e+04
3.709929e+00	1.038780e+02	4.102768e-11	4.749202e-01	2.278968e+01	1.152091e+04
3.717036e+00	1.040770e+02	4.103234e-11	4.749087e-01	2.278418e+01	1.151096e+04
3.724143e+00	1.042760e+02	4.104258e-11	4.748971e-01	2.277882e+01	1.149790e+04
3.731250e+00	1.044750e+02	4.105842e-11	4.748855e-01	2.277359e+01	1.147764e+04
3.738357e+00	1.046740e+02	4.107992e-11	4.748740e-01	2.276843e+01	1.145233e+04
3.745464e+00	1.048730e+02	4.110679e-11	4.748624e-01	2.276327e+01	1.142568e+04
3.752571e+00	1.050720e+02	4.113878e-11	4.748508e-01	2.275803e+01	1.139682e+04
3.759679e+00	1.052710e+02	4.117552e-11	4.748392e-01	2.275265e+01	1.135909e+04
3.766786e+00	1.054700e+02	4.121690e-11	4.748276e-01	2.274711e+01	1.130492e+04
3.773893e+00	1.056690e+02	4.126215e-11	4.748160e-01	2.274141e+01	1.123193e+04
3.781000e+00	1.058680e+02	4.131182e-11	4.748044e-01	2.273558e+01	1.114526e+04
3.788107e+00	1.060670e+02	4.136428e-11	4.747928e-01	2.272968e+01	1.105475e+04
3.795214e+00	1.062660e+02	4.141996e-11	4.747812e-01	2.272375e+01	1.096976e+04
3.802321e+00	1.064650e+02	4.147797e-11	4.747696e-01	2.271786e+01	1.089573e+04
3.809429e+00	1.066640e+02	4.153821e-11	4.747581e-01	2.271204e+01	1.083441e+04
3.816536e+00	1.068630e+02	4.159991e-11	4.747465e-01	2.270635e+01	1.078593e+04
3.823643e+00	1.070620e+02	4.166273e-11	4.747350e-01	2.270080e+01	1.074955e+04
3.830750e+00	1.072610e+02	4.172587e-11	4.747235e-01	2.269540e+01	1.072232e+04
3.837857e+00	1.074600e+02	4.178935e-11	4.747120e-01	2.269014e+01	1.069789e+04
3.844964e+00	1.076590e+02	4.185252e-11	4.747005e-01	2.268500e+01	1.066802e+04
3.852071e+00	1.078580e+02	4.191481e-11	4.746890e-01	2.267996e+01	1.062716e+04
3.859179e+00	1.080570e+02	4.197573e-11	4.746776e-01	2.267498e+01	1.057663e+04
3.866286e+00	1.082560e+02	4.203554e-11	4.746661e-01	2.266997e+01	1.052455e+04
3.873393e+00	1.084550e+02	4.209305e-11	4.746546e-01	2.266487e+01	1.048061e+04
3.880500e+00	1.086540e+02	4.214844e-11	4.746431e-01	2.265965e+01	1.044932e+04
3.887607e+00	1.088530e+02	4.220135e-11	4.746316e-01	2.265433e+01	1.042758e+04
3.894714e+00	1.090520e+02	4.225123e-11	4.746201e-01	2.264895e+01	1.040878e+04
3.901821e+00	1.092510e+02	4.229856e-11	4.746087e-01	2.264361e+01	1.039017e+04
3.908929e+00	1.094500e+02	4.234286e-11	4.745972e-01	2.263833e+01	1.037602e+04
3.916036e+00	1.096490e+02	4.238371e-11	4.745857e-01	2.263314e+01	1.037344e+04
3.923143e+00	1.098480e+02	4.242161e-11	4.745743e-01	2.262803e+01	1.038566e+04
3.930250e+00	1.100470e+02	4.245618e-11	4.745628e-01	2.262296e+01	1.040892e+04
3.937357e+00	1.102460e+02	4.248819e-11	4.745513e-01	2.261790e+01	1.043396e+04
3.944464e+00	1.104450e+02	4.251728e-11	4.745398e-01	2.261284e+01	1.044947e+04
3.951571e+00	1.106440e+02	4.254393e-11	4.745283e-01	2.260773e+01	1.044771e+04
3.958679e+00	1.108430e+02	4.256809e-11	4.745168e-01	2.260257e+01	1.043034e+04
3.965786e+00	1.110420e+02	4.259051e-11	4.745052e-01	2.259736e+01	1.040838e+04
3.972893e+00	1.112410e+02	4.261086e-11	4.744937e-01	2.259212e+01	1.039451e+04
3.980000e+00	1.114400e+02	4.263018e-11	4.744823e-01	2.258687e+01	1.039472e+04
3.987107e+00	1.116390e+02	4.264860e-11	4.744708e-01	2.258162e+01	1.040642e+04
3.994214e+00	1.118380e+02	4.266617e-11	4.744594e-01	2.257641e+01	1.042283e+04
4.001321e+00	1.120370e+02	4.268407e-11	4.744479e-01	2.257125e+01	1.043906e+04
4.008429e+00	1.122360e+02	4.270225e-11	4.744365e-01	2.256615e+01	1.045472e+04
4.015536e+00	1.124350e+02	4.272132e-11	4.744251e-01	2.256109e+01	1.047162e+04
4.022643e+00	1.126340e+02	4.274172e-11	4.744136e-01	2.255604e+01	1.048972e+04
4.029750e+00	1.128330e+02	4.276410e-11	4.744022e-01	2.255096e+01	1.050652e+04
4.036857e+00	1.130320e+02	4.278850e-11	4.743907e-01	2.254583e+01	1.052027e+04
4.043964e+00	1.132310e+02	4.281625e-11	4.743793e-01	2.254063e+01	1.053220e+04
4.051071e+00	1.134300e+02	4.284684e-11	4.743679e-01	2.253538e+01	1.054540e+04
4.058179e+00	1.136290e+02	4.288101e-11	4.743564e-01	2.253010e+01	1.056245e+04
4.065286e+00	1.138280e+02	4.291935e-11	4.743450e-01	2.252479e+01	1.058413e+04
4.072393e+00	1.140270e+02	4.296212e-11	4.743335e-01	2.251946e+01	1.060843e+04
4.079500e+00	1.142260e+02	4.300964e-11	4.743221e-01	2.251409e+01	1.063047e+04
4.086607e+00	1.144250e+02	4.306208e-11	4.743106e-01	2.250869e+01	1.064505e+04
4.093714e+00	1.146240e+02	4.312029e-11	4.742992e-01	2.250329e+01	1.064998e+04
4.100821e+00	1.148230e+02	4.318407e-11	4.742877e-01	2.249789e+01	1.064685e+04
4.107929e+00	1.150220e+02	4.325361e-11	4.742763e-01	2.249253e+01	1.063957e+04
4.115036e+00	1.152210e+02	4.332977e-11	4.742649e-01	2.248723e+01	1.063250e+04
4.122143e+00	1.154200e+02	4.341173e-11	4.742535e-01	2.248201e+01	1.062806e+04
4.129250e+00	1.156190e+02	4.350079e-11	4.742421e-01	2.247688e+01	1.062493e+04
4.136357e+00	1.158180e+02	4.359627e-11	4.742307e-01	2.247180e+01	1.061858e+04
4.143464e+00	1.160170e+02	4.369846e-11	4.742192e-01	2.246672e+01	1.060430e+04
4.150571e+00	1.162160e+02	4.380753e-11	4.742078e-01	2.246157e+01	1.058073e+04
4.157679e+00	1.164150e+02	4.392355e-11	4.741963e-01	2.245628e+01	1.055024e+04
4.164786e+00	1.166140e+02	4.404636e-11	4.741849e-01	2.245084e+01	1.051540e+04
4.171893e+00	1.168130e+02	4.417598e-11	4.741734e-01	2.244531e+01	1.047623e+04
4.179000e+00	1.170120e+02	4.431237e-11	4.741620e-01	2.243980e+01	1.043087e+04
4.186107e+00	1.172110e+02	4.445581e-11	4.741506e-01	2.243441e+01	1.037784e+04
4.193214e+00	1.174100e+02	4.460591e-11	4.741392e-01	2.242919e+01	1.031769e+04
4.200321e+00	1.176090e+02	4.476260e-11	4.741279e-01	2.242411e+01	1.025392e+04
4.207429e+00	1.178080e+02	4.492628e-11	4.741166e-01	2.241913e+01	1.019197e+04
4.214536e+00	1.180070e+02	4.509628e-11	4.741053e-01	2.241418e+01	1.013508e+04
4.221643e+00	1.182060e+02	4.527262e-11	4.740939e-01	2.240921e+01	1.008221e+04
4.228750e+00	1.184050e+02	4.545523e-11	4.740825e-01	2.240419e+01	1.003115e+04
4.235857e+00	1.186040e+02	4.564392e-11	4.740711e-01	2.239912e+01	9.980410e+03
4.242964e+00	1.188030e+02	4.583898e-11	4.740597e-01	2.239403e+01	9.929121e+03
4.250071e+00	1.190020e+02	4.604014e-11	4.740483e-01	2.238895e+01	9.879371e+03
4.257179e+00	1.192010e+02	4.624695e-11	4.740370e-01	2.238394e+01	9.834790e+03
4.264286e+00	1.194000e+02	4.645954e-11	4.740256e-01	2.237901e+01	9.798365e+03
4.271393e+00	1.195990e+02	4.667813e-11	4.740142e-01	2.237410e+01	9.773686e+03
4.278500e+00	1.197980e+02	4.690258e-11	4.740029e-01	2.236914e+01	9.758009e+03
4.285607e+00	1.199970e+02	4.713227e-11	4.739916e-01	2.236412e+01	9.739422e+03
4.292714e+00	1.201960e+02	4.736805e-11	4.739803e-01	2.235911e+01	9.713992e+03
4.299821e+00	1.203950e+02	4.760980e-11	4.739691e-01	2.235420e+01	9.690281e+03
4.306929e+00	1.205940e+02	4.785780e-11	4.739578e-01	2.234949e+01	9.672364e+03
4.314036e+00	1.207930e+02	4.811202e-11	4.739465e-01	2.234489e+01	9.655530e+03
4.321143e+00	1.209920e+02	4.837232e-11	4.739351e-01	2.234013e+01	9.636065e+03
4.328250e+00	1.211910e+02	4.863956e-11	4.739237e-01	2.233511e+01	9.614583e+03
4.335357e+00	1.213900e+02	4.891331e-11	4.739123e-01	2.232998e+01	9.595230e+03
4.342464e+00	1.215890e+02	4.919421e-11	4.739010e-01	2.232500e+01	9.583318e+03
4.349571e+00	1.217880e+02	4.948214e-11	4.738897e-01	2.232023e+01	9.580437e+03
4.356679e+00	1.219870e+02	4.977828e-11	4.738783e-01	2.231549e+01	9.586196e+03
4.363786e+00	1.221860e+02	5.008225e-11	4.738670e-01	2.231061e+01	9.600611e+03
4.370893e+00	1.223850e+02	5.039467e-11	4.738557e-01	2.230571e+01	9.620750e+03
4.378000e+00	1.225840e+02	5.071537e-11	4.738444e-01	2.230095e+01	9.640144e+03
4.385107e+00	1.227830e+02	5.104464e-11	4.738331e-01	2.229621e+01	9.657844e+03
4.392214e+00	1.229820e+02	5.138316e-11	4.738217e-01	2.229128e+01	9.677471e+03
4.399321e+00	1.231810e+02	5.173058e-11	4.738104e-01	2.228624e+01	9.701251e+03
4.406429e+00	1.233800e+02	5.208739e-11	4.737991e-01	2.228126e+01	9.723938e+03
4.413536e+00	1.235790e+02	5.245348e-11	4.737878e-01	2.227639e+01	9.738195e+03
4.420643e+00	1.237780e+02	5.282914e-11	4.737765e-01	2.227154e+01	9.749136e+03
4.427750e+00	1.239770e+02	5.321414e-11	4.737652e-01	2.226662e+01	9.762336e+03
4.434857e+00	1.241760e+02	5.360820e-11	4.737539e-01	2.226160e+01	9.771955e+03
4.441964e+00	1.243750e+02	5.401106e-11	4.737427e-01	2.225657e+01	9.780356e+03
4.449071e+00	1.245740e+02	5.442219e-11	4.737314e-01	2.225168e+01	9.837175e+03
4.456179e+00	1.247730e+02	5.484110e-11	4.737201e-01	2.224691e+01	9.918311e+03
4.463286e+00	1.249720e+02	5.526669e-11	4.737088e-01	2.224206e+01	9.948961e+03
4.470393e+00	1.251710e+02	5.569804e-11	4.736975e-01	2.223696e+01	9.947069e+03
4.477500e+00	1.253700e+02	5.613460e-11	4.736861e-01	2.223164e+01	9.960044e+03
4.484607e+00	1.255690e+02	5.657458e-11	4.736748e-01	2.222648e+01	1.000936e+04
4.491714e+00	1.257680e+02	5.701631e-11	4.736635e-01	2.222153e+01	1.007475e+04
4.498821e+00	1.259670e+02	5.745866e-11	4.736523e-01	2.221639e+01	1.015184e+04
4.505929e+00	1.261660e+02	5.789963e-11	4.736411e-01	2.221099e+01	1.022218e+04
4.513036e+00	1.263650e+02	5.833754e-11	4.736299e-01	2.220592e+01	1.027293e+04
4.520143e+00	1.265640e+02	5.877022e-11	4.736187e-01	2.220120e+01	1.031194e+04
4.527250e+00	1.267630e+02	5.919583e-11	4.736074e-01	2.219604e+01	1.036394e+04
4.534357e+00	1.269620e+02	5.961157e-11	4.735960e-01	2.219061e+01	1.041384e+04
4.541464e+00	1.271610e+02	6.001502e-11	4.735847e-01	2.218532e+01	1.048438e+04
4.548571e+00	1.273600e+02	6.040358e-11	4.735734e-01	2.218006e+01	1.063021e+04
4.555679e+00	1.275590e+02	6.077553e-11	4.735621e-01	2.217470e+01	1.070089e+04
4.562786e+00	1.277580e+02	6.112825e-11	4.735508e-01	2.216943e+01	1.073088e+04
4.569893e+00	1.279570e+02	6.146005e-11	4.735395e-01	2.216435e+01	1.082036e+04
4.577000e+00	1.281560e+02	6.176827e-11	4.735283e-01	2.215875e+01	1.102620e+04
4.584107e+00	1.283550e+02	6.205204e-11	4.735172e-01	2.215322e+01	1.119544e+04
4.591214e+00	1.285540e+02	6.230834e-11	4.735061e-01	2.214804e+01	1.127519e+04
4.598321e+00	1.287530e+02	6.253585e-11	4.734950e-01	2.214229e+01	1.144494e+04
4.605429e+00	1.289520e+02	6.273430e-11	4.734837e-01	2.213689e+01	1.158099e+04
4.612536e+00	1.291510e+02	6.290242e-11	4.734725e-01	2.213099e+01	1.183697e+04
4.619643e+00	1.293500e+02	6.303767e-11	4.734611e-01	2.212581e+01	1.218072e+04
4.626750e+00	1.295490e+02	6.313836e-11	4.734499e-01	2.212142e+01	1.282173e+04
4.633857e+00	1.297480e+02	6.320101e-11	4.734390e-01	2.211585e+01	1.342013e+04
4.640964e+00	1.299470e+02	6.322504e-11	4.734280e-01	2.210832e+01	1.348120e+04
4.648071e+00	1.301460e+02	6.321215e-11	4.734168e-01	2.210095e+01	1.375493e+04
4.655179e+00	1.303450e+02	6.316376e-11	4.734054e-01	2.209291e+01	1.395050e+04
4.662286e+00	1.305440e+02	6.308083e-11	4.733942e-01	2.208591e+01	1.431975e+04
4.669393e+00	1.307430e+02	6.296544e-11	4.733831e-01	2.207884e+01	1.454971e+04
4.676500e+00	1.309420e+02	6.281842e-11	4.733716e-01	2.207064e+01	1.507756e+04
4.683607e+00	1.311410e+02	6.263660e-11	4.733601e-01	2.206377e+01	1.553070e+04
4.690714e+00	1.313400e+02	6.241912e-11	4.733490e-01	2.205723e+01	1.626261e+04
4.697821e+00	1.315390e+02	6.216419e-11	4.733378e-01	2.204949e+01	1.579471e+04
4.704929e+00	1.317380e+02	6.187714e-11	4.733265e-01	2.204430e+01	1.724790e+04
4.712036e+00	1.319370e+02	6.156434e-11	4.733153e-01	2.203489e+01	1.716104e+04
4.719143e+00	1.321360e+02	6.123039e-11	4.733041e-01	2.203105e+01	2.008501e+04
4.726250e+00	1.323350e+02	6.088086e-11	4.732933e-01	2.202161e+01	2.008278e+04
4.733357e+00	1.325340e+02	6.051796e-11	4.732820e-01	2.201167e+01	1.894269e+04
4.740464e+00	1.327330e+02	6.015036e-11	4.732710e-01	2.200258e+01	1.987217e+04
4.747571e+00	1.329320e+02	5.978042e-11	4.732601e-01	2.198744e+01	1.918180e+04
4.754679e+00	1.331310e+02	5.940673e-11	4.732485e-01	2.198331e+01	1.887403e+04
4.761786e+00	1.333300e+02	5.903258e-11	4.732373e-01	2.197186e+01	1.977585e+04
4.768893e+00	1.335290e+02	5.865946e-11	4.732264e-01	2.196032e+01	2.140834e+04
4.776000e+00	1.337280e+02	5.828369e-11	4.732152e-01	2.195081e+01	2.133824e+04
4.783107e+00	1.339270e+02	5.790599e-11	4.732038e-01	2.194247e+01	2.372932e+04
4.790214e+00	1.341260e+02	5.752860e-11	4.731925e-01	2.193232e+01	2.359422e+04
4.797321e+00	1.343250e+02	5.715525e-11	4.731815e-01	2.192021e+01	2.448044e+04
4.804429e+00	1.345240e+02	5.679233e-11	4.731704e-01	2.190526e+01	2.479248e+04
4.811536e+00	1.347230e+02	5.644542e-11	4.731587e-01	2.189237e+01	2.509085e+04
4.818643e+00	1.349220e+02	5.610928e-11	4.731472e-01	2.188688e+01	2.594300e+04
4.825750e+00	1.351210e+02	5.578100e-11	4.731363e-01	2.187882e+01	2.763368e+04
4.832857e+00	1.353200e+02	5.546646e-11	4.731259e-01	2.186433e+01	2.773577e+04
4.839964e+00	1.355190e+02	5.516861e-11	4.731155e-01	2.185206e+01	2.618719e+04
4.847071e+00	1.357180e+02	5.488394e-11	4.731047e-01	2.184410e+01	2.636889e+04
4.854179e+00	1.359170e+02	5.461026e-11	4.730936e-01	2.183379e+01	2.621729e+04
4.861286e+00	1.361160e+02	5.435032e-11	4.730825e-01	2.181232e+01	2.639020e+04
4.868393e+00	1.363150e+02	5.410602e-11	4.730715e-01	2.179769e+01	2.677354e+04
4.875500e+00	1.365140e+02	5.387644e-11	4.730603e-01	2.179068e+01	2.697063e+04
4.882607e+00	1.367130e+02	5.366340e-11	4.730492e-01	2.177830e+01	2.782893e+04
4.889714e+00	1.369120e+02	5.346938e-11	4.730382e-01	2.176252e+01	2.825503e+04
4.896821e+00	1.371110e+02	5.329669e-11	4.730273e-01	2.174779e+01	2.850319e+04
4.903929e+00	1.373100e+02	5.314645e-11	4.730164e-01	2.173603e+01	2.897480e+04
4.911036e+00	1.375090e+02	5.301966e-11	4.730050e-01	2.172770e+01	2.884690e+04
4.918143e+00	1.377080e+02	5.291278e-11	4.729935e-01	2.170912e+01	2.771289e+04
4.925250e+00	1.379070e+02	5.282740e-11	4.729821e-01	2.168754e+01	2.866006e+04
4.932357e+00	1.381060e+02	5.276698e-11	4.729711e-01	2.167737e+01	2.923248e+04
4.939464e+00	1.383050e+02	5.273069e-11	4.729602e-01	2.167595e+01	3.125946e+04
4.946571e+00	1.385040e+02	5.271574e-11	4.729492e-01	2.166523e+01	3.070994e+04
4.953679e+00	1.387030e+02	5.272405e-11	4.729381e-01	2.164045e+01	3.065126e+04
4.960786e+00	1.389020e+02	5.275865e-11	4.729268e-01	2.162390e+01	3.335921e+04
4.967893e+00	1.391010e+02	5.282112e-11	4.729154e-01	2.161826e+01	3.248341e+04
4.975000e+00	1.393000e+02	5.290924e-11	4.729045e-01	2.161357e+01	3.182898e+04
4.982107e+00	1.394990e+02	5.302272e-11	4.728942e-01	2.159827e+01	3.211625e+04
4.989214e+00	1.396980e+02	5.316246e-11	4.728842e-01	2.158175e+01	3.211614e+04
4.996321e+00	1.398970e+02	5.332939e-11	4.728733e-01	2.156991e+01	3.315561e+04
5.003429e+00	1.400960e+02	5.351999e-11	4.728616e-01	2.154843e+01	3.276730e+04
5.010536e+00	1.402950e+02	5.373412e-11	4.728505e-01	2.151916e+01	3.289411e+04
5.017643e+00	1.404940e+02	5.397681e-11	4.728402e-01	2.150236e+01	3.457217e+04
5.024750e+00	1.406930e+02	5.424886e-11	4.728295e-01	2.149725e+01	3.442214e+04
5.031857e+00	1.408920e+02	5.454738e-11	4.728181e-01	2.148786e+01	3.398598e+04
5.038964e+00	1.410910e+02	5.487180e-11	4.728069e-01	2.147081e+01	3.691949e+04
5.046071e+00	1.412900e+02	5.522216e-11	4.727956e-01	2.145490e+01	3.746229e+04
5.053179e+00	1.414890e+02	5.559433e-11	4.727847e-01	2.142531e+01	3.819287e+04
5.060286e+00	1.416880e+02	5.598689e-11	4.727750e-01	2.140276e+01	4.159610e+04
5.067393e+00	1.418870e+02	5.639739e-11	4.727653e-01	2.139823e+01	3.993172e+04
5.074500e+00	1.420860e+02	5.682048e-11	4.727541e-01	2.139020e+01	4.211959e+04
5.081607e+00	1.422850e+02	5.725152e-11	4.727415e-01	2.137473e+01	4.593618e+04
5.088714e+00	1.424840e+02	5.768279e-11	4.727297e-01	2.134188e+01	4.478725e+04
5.095821e+00	1.426830e+02	5.811502e-11	4.727210e-01	2.130867e+01	4.820431e+04
5.102929e+00	1.428820e+02	5.855477e-11	4.727130e-01	2.129654e+01	4.342167e+04
5.110036e+00	1.430810e+02	5.898877e-11	4.727012e-01	2.131080e+01	4.856280e+04
5.117143e+00	1.432800e+02	5.939156e-11	4.726877e-01	2.129083e+01	4.423216e+04
5.124250e+00	1.434790e+02	5.976342e-11	4.726762e-01	2.125086e+01	4.894658e+04
5.131357e+00	1.436780e+02	6.011537e-11	4.726661e-01	2.122410e+01	4.576385e+04
5.138464e+00	1.438770e+02	6.044906e-11	4.726562e-01	2.120392e+01	4.529576e+04
5.145571e+00	1.440760e+02	6.076291e-11	4.726462e-01	2.119135e+01	4.801661e+04
5.152679e+00	1.442750e+02	6.105346e-11	4.726359e-01	2.117592e+01	4.512757e+04
5.159786e+00	1.444740e+02	6.131660e-11	4.726248e-01	2.115425e+01	4.682379e+04
5.166893e+00	1.446730e+02	6.154970e-11	4.726126e-01	2.113334e+01	4.649344e+04
5.174000e+00	1.448720e+02	6.174406e-11	4.726007e-01	2.111406e+01	4.392306e+04
5.181107e+00	1.450710e+02	6.189496e-11	4.725909e-01	2.109151e+01	4.250233e+04
5.188214e+00	1.452700e+02	6.200887e-11	4.725815e-01	2.108101e+01	4.314458e+04
5.195321e+00	1.454690e+02	6.208516e-11	4.725705e-01	2.106337e+01	4.080901e+04
5.202429e+00	1.456680e+02	6.211743e-11	4.725593e-01	2.103690e+01	4.072316e+04
5.209536e+00	1.458670e+02	6.210896e-11	4.725497e-01	2.101524e+01	3.895000e+04
5.216643e+00	1.460660e+02	6.206840e-11	4.725395e-01	2.101340e+01	3.814314e+04
5.223750e+00	1.462650e+02	6.199816e-11	4.725276e-01	2.099996e+01	3.731383e+04
5.230857e+00	1.464640e+02	6.190524e-11	4.725169e-01	2.097013e+01	3.813785e+04
5.237964e+00	1.466630e+02	6.179289e-11	4.725072e-01	2.095562e+01	4.216733e+04
5.245071e+00	1.468620e+02	6.165836e-11	4.724958e-01	2.095016e+01	4.102205e+04
5.252179e+00	1.470610e+02	6.150384e-11	4.724844e-01	2.092631e+01	3.859670e+04
5.259286e+00	1.472600e+02	6.133261e-11	4.724742e-01	2.090110e+01	3.959051e+04
5.266393e+00	1.474590e+02	6.114880e-11	4.724638e-01	2.088652e+01	3.902663e+04
5.273500e+00	1.476580e+02	6.095696e-11	4.724535e-01	2.086955e+01	3.727500e+04
5.280607e+00	1.478570e+02	6.075822e-11	4.724438e-01	2.084969e+01	3.591091e+04
5.287714e+00	1.480560e+02	6.055800e-11	4.724342e-01	2.084055e+01	3.778630e+04
5.294821e+00	1.482550e+02	6.036000e-11	4.724234e-01	2.083879e+01	4.007562e+04
5.301929e+00	1.484540e+02	6.016206e-11	4.724114e-01	2.082598e+01	3.905618e+04
5.309036e+00	1.486530e+02	5.996359e-11	4.724001e-01	2.080100e+01	3.865850e+04
5.316143e+00	1.488520e+02	5.977114e-11	4.723899e-01	2.077921e+01	3.810687e+04
5.323250e+00	1.490510e+02	5.958912e-11	4.723795e-01	2.077164e+01	3.650601e+04
5.330357e+00	1.492500e+02	5.941376e-11	4.723682e-01	2.076081e+01	3.571161e+04
5.337464e+00	1.494490e+02	5.924707e-11	4.723568e-01	2.074121e+01	3.680323e+04
5.344571e+00	1.496480e+02	5.909335e-11	4.723464e-01	2.072128e+01	3.578927e+04
5.351679e+00	1.498470e+02	5.895233e-11	4.723363e-01	2.070408e+01	3.535622e+04
5.358786e+00	1.500460e+02	5.882472e-11	4.723255e-01	2.069304e+01	3.431094e+04
5.365893e+00	1.502450e+02	5.871014e-11	4.723141e-01	2.067709e+01	3.469150e+04
5.373000e+00	1.504440e+02	5.861414e-11	4.723032e-01	2.065681e+01	3.439473e+04
5.380107e+00	1.506430e+02	5.853653e-11	4.722928e-01	2.063748e+01	3.435943e+04
5.387214e+00	1.508420e+02	5.847561e-11	4.722822e-01	2.062194e+01	3.410495e+04
5.394321e+00	1.510410e+02	5.843284e-11	4.722715e-01	2.060740e+01	3.400249e+04
5.401429e+00	1.512400e+02	5.840874e-11	4.722611e-01	2.059678e+01	3.473410e+04
5.408536e+00	1.514390e+02	5.840125e-11	4.722509e-01	2.057915e+01	3.488646e+04
5.415643e+00	1.516380e+02	5.840902e-11	4.722407e-01	2.055789e+01	3.627772e+04
5.422750e+00	1.518370e+02	5.843097e-11	4.722301e-01	2.054050e+01	3.809485e+04
5.429857e+00	1.520360e+02	5.846537e-11	4.722191e-01	2.052765e+01	4.080247e+04
5.436964e+00	1.522350e+02	5.851177e-11	4.722081e-01	2.050932e+01	4.258392e+04
5.444071e+00	1.524340e+02	5.856670e-11	4.721979e-01	2.047844e+01	4.617256e+04
5.451179e+00	1.526330e+02	5.863323e-11	4.721888e-01	2.045185e+01	4.711086e+04
5.458286e+00	1.528320e+02	5.871130e-11	4.721797e-01	2.044359e+01	4.774827e+04
5.465393e+00	1.530310e+02	5.879486e-11	4.721691e-01	2.044158e+01	5.627532e+04
5.472500e+00	1.532300e+02	5.887929e-11	4.721570e-01	2.041938e+01	5.723960e+04
5.479607e+00	1.534290e+02	5.896363e-11	4.721451e-01	2.038498e+01	5.151060e+04
5.486714e+00	1.536280e+02	5.904548e-11	4.721345e-01	2.035351e+01	5.468474e+04
5.493821e+00	1.538270e+02	5.912541e-11	4.721247e-01	2.032828e+01	6.314022e+04
5.500929e+00	1.540260e+02	5.920456e-11	4.721148e-01	2.030454e+01	6.177978e+04
5.508036e+00	1.542250e+02	5.928014e-11	4.721048e-01	2.027595e+01	6.456621e+04
5.515143e+00	1.544240e+02	5.935014e-11	4.720950e-01	2.025295e+01	7.424463e+04
5.522250e+00	1.546230e+02	5.941363e-11	4.720851e-01	2.023136e+01	7.149478e+04
5.529357e+00	1.548220e+02	5.946801e-11	4.720749e-01	2.019870e+01	6.644500e+04
5.536464e+00	1.550210e+02	5.951083e-11	4.720644e-01	2.016485e+01	7.177556e+04
5.543571e+00	1.552200e+02	5.953991e-11	4.720537e-01	2.014062e+01	7.583630e+04
5.550679e+00	1.554190e+02	5.955610e-11	4.720426e-01	2.012089e+01	7.330068e+04
5.557786e+00	1.556180e+02	5.956183e-11	4.720313e-01	2.009240e+01	6.767102e+04
5.564893e+00	1.558170e+02	5.955745e-11	4.720206e-01	2.006089e+01	6.754504e+04
5.572000e+00	1.560160e+02	5.954507e-11	4.720106e-01	2.003449e+01	7.425348e+04
5.579107e+00	1.562150e+02	5.952541e-11	4.720012e-01	2.000320e+01	7.677659e+04
5.586214e+00	1.564140e+02	5.949745e-11	4.719924e-01	1.996881e+01	7.363716e+04
5.593321e+00	1.566130e+02	5.945790e-11	4.719833e-01	1.994330e+01	6.956417e+04
5.600429e+00	1.568120e+02	5.940454e-11	4.719731e-01	1.992796e+01	6.931870e+04
5.607536e+00	1.570110e+02	5.933715e-11	4.719617e-01	1.991465e+01	7.422336e+04
5.614643e+00	1.572100e+02	5.925775e-11	4.719492e-01	1.989365e+01	7.613660e+04
5.621750e+00	1.574090e+02	5.916977e-11	4.719365e-01	1.986243e+01	7.042035e+04
5.628857e+00	1.576080e+02	5.907300e-11	4.719245e-01	1.982499e+01	6.485605e+04
5.635964e+00	1.578070e+02	5.896792e-11	4.719137e-01	1.978457e+01	6.386889e+04
5.643071e+00	1.580060e+02	5.885424e-11	4.719043e-01	1.974794e+01	6.679492e+04
5.650179e+00	1.582050e+02	5.873436e-11	4.718957e-01	1.972083e+01	7.017065e+04
5.657286e+00	1.584040e+02	5.860993e-11	4.718868e-01	1.970124e+01	7.185081e+04
5.664393e+00	1.586030e+02	5.848288e-11	4.718774e-01	1.968408e+01	7.163899e+04
5.671500e+00	1.588020e+02	5.835582e-11	4.718677e-01	1.966182e+01	6.598872e+04
5.678607e+00	1.590010e+02	5.823049e-11	4.718584e-01	1.963610e+01	5.977336e+04
5.685714e+00	1.592000e+02	5.810677e-11	4.718495e-01	1.961349e+01	5.975449e+04
5.692821e+00	1.593990e+02	5.798389e-11	4.718407e-01	1.959367e+01	6.068327e+04
5.699929e+00	1.595980e+02	5.786305e-11	4.718315e-01	1.957489e+01	5.935517e+04
5.707036e+00	1.597970e+02	5.774740e-11	4.718220e-01	1.955560e+01	5.768305e+04
5.714143e+00	1.599960e+02	5.764012e-11	4.718123e-01	1.953515e+01	5.832919e+04
5.721250e+00	1.601950e+02	5.754211e-11	4.718027e-01	1.951252e+01	5.814773e+04
5.728357e+00	1.603940e+02	5.745406e-11	4.717936e-01	1.949167e+01	5.814360e+04
5.735464e+00	1.605930e+02	5.737734e-11	4.717850e-01	1.947628e+01	5.649036e+04
5.742571e+00	1.607920e+02	5.731428e-11	4.717761e-01	1.946293e+01	5.425816e+04
5.749679e+00	1.609910e+02	5.726332e-11	4.717663e-01	1.944391e+01	5.489888e+04
5.756786e+00	1.611900e+02	5.722364e-11	4.717564e-01	1.941596e+01	4.896371e+04
5.763893e+00	1.613890e+02	5.719929e-11	4.717469e-01	1.939504e+01	4.724316e+04
5.771000e+00	1.615880e+02	5.719050e-11	4.717370e-01	1.938354e+01	4.511640e+04
5.778107e+00	1.617870e+02	5.719470e-11	4.717265e-01	1.936533e+01	4.332643e+04
5.785214e+00	1.619860e+02	5.721153e-11	4.717163e-01	1.933856e+01	4.201890e+04
5.792321e+00	1.621850e+02	5.724281e-11	4.717065e-01	1.931472e+01	4.143147e+04
5.799429e+00	1.623840e+02	5.728824e-11	4.716967e-01	1.930090e+01	3.953313e+04
5.806536e+00	1.625830e+02	5.734685e-11	4.716867e-01	1.928917e+01	3.837604e+04
5.813643e+00	1.627820e+02	5.741700e-11	4.716767e-01	1.926893e+01	3.672290e+04
5.820750e+00	1.629810e+02	5.749801e-11	4.716668e-01	1.924748e+01	3.590750e+04
5.827857e+00	1.631800e+02	5.758974e-11	4.716566e-01	1.923195e+01	3.530746e+04
5.834964e+00	1.633790e+02	5.769150e-11	4.716461e-01	1.921825e+01	3.569408e+04
5.842071e+00	1.635780e+02	5.780264e-11	4.716358e-01	1.920314e+01	3.739934e+04
5.849179e+00	1.637770e+02	5.792195e-11	4.716257e-01	1.918821e+01	3.714673e+04
5.856286e+00	1.639760e+02	5.804603e-11	4.716160e-01	1.917544e+01	3.584889e+04
5.863393e+00	1.641750e+02	5.817242e-11	4.716063e-01	1.916189e+01	3.541020e+04
5.870500e+00	1.643740e+02	5.829965e-11	4.715970e-01	1.914508e+01	3.424128e+04
5.877607e+00	1.645730e+02	5.842808e-11	4.715880e-01	1.912952e+01	3.341244e+04
5.884714e+00	1.647720e+02	5.855799e-11	4.715789e-01	1.911748e+01	3.349097e+04
5.891821e+00	1.649710e+02	5.868575e-11	4.715695e-01	1.910479e+01	3.369406e+04
5.898929e+00	1.651700e+02	5.880891e-11	4.715599e-01	1.908862e+01	3.450357e+04
5.906036e+00	1.653690e+02	5.892592e-11	4.715508e-01	1.907290e+01	3.506140e+04
5.913143e+00	1.655680e+02	5.903640e-11	4.715416e-01	1.906071e+01	3.533898e+04
5.920250e+00	1.657670e+02	5.913934e-11	4.715321e-01	1.904946e+01	3.541914e+04
5.927357e+00	1.659660e+02	5.923351e-11	4.715223e-01	1.903507e+01	3.362963e+04
5.934464e+00	1.661650e+02	5.931769e-11	4.715128e-01	1.901914e+01	3.116738e+04
5.941571e+00	1.663640e+02	5.939126e-11	4.715037e-01	1.900662e+01	3.105159e+04
5.948679e+00	1.665630e+02	5.945447e-11	4.714944e-01	1.899739e+01	3.246384e+04
5.955786e+00	1.667620e+02	5.950485e-11	4.714846e-01	1.898712e+01	3.312993e+04
5.962893e+00	1.669610e+02	5.954201e-11	4.714743e-01	1.897554e+01	3.317472e+04
5.970000e+00	1.671600e+02	5.956514e-11	4.714636e-01	1.896349e+01	3.251320e+04
5.977107e+00	1.673590e+02	5.957574e-11	4.714529e-01	1.894935e+01	3.147366e+04
5.984214e+00	1.675580e+02	5.957348e-11	4.714426e-01	1.893317e+01	3.062623e+04
5.991321e+00	1.677570e+02	5.956000e-11	4.714327e-01	1.891750e+01	2.982129e+04
5.998429e+00	1.679560e+02	5.953416e-11	4.714232e-01	1.890551e+01	2.996884e+04
6.005536e+00	1.681550e+02	5.949726e-11	4.714140e-01	1.889607e+01	3.029622e+04
6.012643e+00	1.683540e+02	5.945003e-11	4.714051e-01	1.888494e+01	2.933944e+04
6.019750e+00	1.685530e+02	5.939312e-11	4.713964e-01	1.887171e+01	2.820251e+04
6.026857e+00	1.687520e+02	5.932657e-11	4.713878e-01	1.885857e+01	2.757830e+04
6.033964e+00	1.689510e+02	5.925076e-11	4.713790e-01	1.884670e+01	2.702101e+04
6.041071e+00	1.691500e+02	5.916769e-11	4.713700e-01	1.883613e+01	2.683353e+04
6.048179e+00	1.693490e+02	5.907922e-11	4.713607e-01	1.882527e+01	2.715924e+04
6.055286e+00	1.695480e+02	5.898746e-11	4.713514e-01	1.881344e+01	2.744173e+04
6.062393e+00	1.697470e+02	5.889332e-11	4.713423e-01	1.880235e+01	2.708788e+04
6.069500e+00	1.699460e+02	5.879858e-11	4.713335e-01	1.879213e+01	2.645460e+04
6.076607e+00	1.701450e+02	5.870440e-11	4.713248e-01	1.878176e+01	2.609172e+04
6.083714e+00	1.703440e+02	5.861278e-11	4.713160e-01	1.877074e+01	2.565491e+04
6.090821e+00	1.705430e+02	5.852533e-11	4.713070e-01	1.876037e+01	2.544449e+04
6.097929e+00	1.707420e+02	5.844252e-11	4.712977e-01	1.875163e+01	2.521716e+04
6.105036e+00	1.709410e+02	5.836502e-11	4.712884e-01	1.874311e+01	2.488261e+04
6.112143e+00	1.711400e+02	5.829429e-11	4.712791e-01	1.873389e+01	2.456574e+04
6.119250e+00	1.713390e+02	5.823216e-11	4.712699e-01	1.872339e+01	2.379972e+04
6.126357e+00	1.715380e+02	5.818020e-11	4.712606e-01	1.871197e+01	2.339181e+04
6.133464e+00	1.717370e+02	5.813867e-11	4.712514e-01	1.870018e+01	2.326022e+04
6.140571e+00	1.719360e+02	5.810867e-11	4.712420e-01	1.868947e+01	2.317373e+04
6.147679e+00	1.721350e+02	5.808990e-11	4.712324e-01	1.868142e+01	2.275102e+04
6.154786e+00	1.723340e+02	5.808365e-11	4.712227e-01	1.867526e+01	2.202432e+04
6.161893e+00	1.725330e+02	5.808995e-11	4.712129e-01	1.866796e+01	2.189385e+04
6.169000e+00	1.727320e+02	5.810934e-11	4.712031e-01	1.865730e+01	2.186376e+04
6.176107e+00	1.729310e+02	5.814051e-11	4.711934e-01	1.864544e+01	2.151597e+04
6.183214e+00	1.731300e+02	5.818376e-11	4.711837e-01	1.863496e+01	2.128160e+04
6.190321e+00	1.733290e+02	5.823894e-11	4.711739e-01	1.862549e+01	2.130204e+04
6.197429e+00	1.735280e+02	5.830546e-11	4.711643e-01	1.861588e+01	2.116915e+04
6.204536e+00	1.737270e+02	5.838331e-11	4.711549e-01	1.860640e+01	2.102111e+04
6.211643e+00	1.739260e+02	5.847144e-11	4.711455e-01	1.859638e+01	2.069051e+04
6.218750e+00	1.741250e+02	5.856923e-11	4.711363e-01	1.858552e+01	2.024642e+04
6.225857e+00	1.743240e+02	5.867610e-11	4.711273e-01	1.857562e+01	2.030292e+04
6.232964e+00	1.745230e+02	5.879170e-11	4.711186e-01	1.856839e+01	2.116084e+04
6.240071e+00	1.747220e+02	5.891483e-11	4.711098e-01	1.856312e+01	2.197992e+04
6.247179e+00	1.749210e+02	5.904271e-11	4.711005e-01	1.855589e+01	2.165863e+04
6.254286e+00	1.751200e+02	5.917478e-11	4.710910e-01	1.854485e+01	2.086061e+04
6.261393e+00	1.753190e+02	5.930841e-11	4.710813e-01	1.853307e+01	2.068367e+04
6.268500e+00	1.755180e+02	5.944297e-11	4.710716e-01	1.852336e+01	2.118231e+04
6.275607e+00	1.757170e+02	5.957597e-11	4.710620e-01	1.851551e+01	2.154226e+04
6.282714e+00	1.759160e+02	5.970545e-11	4.710525e-01	1.850774e+01	2.111320e+04
6.289821e+00	1.761150e+02	5.982887e-11	4.710431e-01	1.849987e+01	2.066980e+04
6.296929e+00	1.763140e+02	5.994316e-11	4.710338e-01	1.849237e+01	2.083766e+04
6.304036e+00	1.765130e+02	6.004793e-11	4.710242e-01	1.848504e+01	2.077010e+04
6.311143e+00	1.767120e+02	6.014087e-11	4.710143e-01	1.847678e+01	1.993661e+04
6.318250e+00	1.769110e+02	6.022077e-11	4.710045e-01	1.846684e+01	1.899614e+04
6.325357e+00	1.771100e+02	6.028630e-11	4.709951e-01	1.845588e+01	1.857954e+04
6.332464e+00	1.773090e+02	6.033624e-11	4.709860e-01	1.844666e+01	1.835011e+04
6.339571e+00	1.775080e+02	6.036946e-11	4.709770e-01	1.844177e+01	1.830483e+04
6.346679e+00	1.777070e+02	6.038423e-11	4.709675e-01	1.843911e+01	1.849012e+04
6.353786e+00	1.779060e+02	6.037958e-11	4.709575e-01	1.843376e+01	1.814656e+04
6.360893e+00	1.781050e+02	6.035290e-11	4.709475e-01	1.842511e+01	1.779083e+04
6.368000e+00	1.783040e+02	6.030483e-11	4.709377e-01	1.841592e+01	1.772125e+04
6.375107e+00	1.785030e+02	6.023603e-11	4.709281e-01	1.840744e+01	1.723638e+04
6.382214e+00	1.787020e+02	6.014741e-11	4.709188e-01	1.839901e+01	1.660594e+04
6.389321e+00	1.789010e+02	6.003900e-11	4.709099e-01	1.839063e+01	1.648797e+04
6.396429e+00	1.791000e+02	5.991157e-11	4.709012e-01	1.838338e+01	1.624749e+04
6.403536e+00	1.792990e+02	5.976568e-11	4.708923e-01	1.837768e+01	1.598753e+04
6.410643e+00	1.794980e+02	5.960273e-11	4.708830e-01	1.837183e+01	1.587670e+04
6.417750e+00	1.796970e+02	5.942476e-11	4.708735e-01	1.836405e+01	1.544972e+04
6.424857e+00	1.798960e+02	5.923273e-11	4.708642e-01	1.835556e+01	1.544331e+04
6.431964e+00	1.800950e+02	5.902987e-11	4.708552e-01	1.834875e+01	1.553124e+04
6.439071e+00	1.802940e+02	5.881768e-11	4.708463e-01	1.834328e+01	1.514533e+04
6.446179e+00	1.804930e+02	5.859948e-11	4.708371e-01	1.833745e+01	1.525508e+04
6.453286e+00	1.806920e+02	5.837864e-11	4.708276e-01	1.833029e+01	1.556347e+04
6.460393e+00	1.808910e+02	5.815940e-11	4.708180e-01	1.832257e+01	1.586540e+04
6.467500e+00	1.810900e+02	5.794388e-11	4.708084e-01	1.831487e+01	1.596186e+04
6.474607e+00	1.812890e+02	5.773424e-11	4.707991e-01	1.830714e+01	1.555376e+04
6.481714e+00	1.814880e+02	5.753120e-11	4.707902e-01	1.830044e+01	1.561655e+04
6.488821e+00	1.816870e+02	5.733722e-11	4.707815e-01	1.829616e+01	1.567126e+04
6.495929e+00	1.818860e+02	5.715444e-11	4.707725e-01	1.829340e+01	1.541162e+04
6.503036e+00	1.820850e+02	5.698532e-11	4.707631e-01	1.828733e+01	1.530254e+04
6.510143e+00	1.822840e+02	5.682881e-11	4.707537e-01	1.827561e+01	1.490764e+04
6.517250e+00	1.824830e+02	5.668881e-11	4.707446e-01	1.826337e+01	1.464788e+04
6.524357e+00	1.826820e+02	5.656765e-11	4.707357e-01	1.825586e+01	1.479951e+04
6.531464e+00	1.828810e+02	5.646518e-11	4.707266e-01	1.825116e+01	1.511899e+04
6.538571e+00	1.830800e+02	5.638094e-11	4.707173e-01	1.824477e+01	1.550233e+04
6.545679e+00	1.832790e+02	5.631672e-11	4.707081e-01	1.823661e+01	1.542341e+04
6.552786e+00	1.834780e+02	5.627157e-11	4.706988e-01	1.822870e+01	1.568832e+04
6.559893e+00	1.836770e+02	5.624585e-11	4.706894e-01	1.822093e+01	1.532852e+04
6.567000e+00	1.838760e+02	5.623988e-11	4.706801e-01	1.821462e+01	1.510222e+04
6.574107e+00	1.840750e+02	5.625340e-11	4.706709e-01	1.820926e+01	1.556491e+04
6.581214e+00	1.842740e+02	5.628559e-11	4.706619e-01	1.820257e+01	1.580697e+04
6.588321e+00	1.844730e+02	5.633635e-11	4.706530e-01	1.819442e+01	1.568628e+04
6.595429e+00	1.846720e+02	5.640512e-11	4.706442e-01	1.818792e+01	1.613903e+04
6.602536e+00	1.848710e+02	5.649351e-11	4.706352e-01	1.818359e+01	1.679022e+04
6.609643e+00	1.850700e+02	5.659925e-11	4.706257e-01	1.817836e+01	1.733393e+04
6.616750e+00	1.852690e+02	5.672221e-11	4.706159e-01	1.817161e+01	1.773885e+04
6.623857e+00	1.854680e+02	5.686012e-11	4.706058e-01	1.816188e+01	1.720365e+04
6.630964e+00	1.856670e+02	5.701261e-11	4.705961e-01	1.815026e+01	1.681062e+04
6.638071e+00	1.858660e+02	5.717851e-11	4.705870e-01	1.814055e+01	1.692136e+04
6.645179e+00	1.860650e+02	5.735762e-11	4.705785e-01	1.813662e+01	1.687325e+04
6.652286e+00	1.862640e+02	5.754736e-11	4.705697e-01	1.813605e+01	1.609799e+04
6.659393e+00	1.864630e+02	5.774406e-11	4.705603e-01	1.813285e+01	1.567888e+04
6.666500e+00	1.866620e+02	5.794501e-11	4.705506e-01	1.812435e+01	1.546435e+04
6.673607e+00	1.868610e+02	5.814862e-11	4.705411e-01	1.811279e+01	1.491839e+04
6.680714e+00	1.870600e+02	5.835371e-11	4.705319e-01	1.810266e+01	1.436929e+04
6.687821e+00	1.872590e+02	5.855834e-11	4.705231e-01	1.809576e+01	1.448840e+04
6.694929e+00	1.874580e+02	5.876000e-11	4.705142e-01	1.809044e+01	1.452138e+04
6.702036e+00	1.876570e+02	5.895630e-11	4.705050e-01	1.808432e+01	1.401407e+04
6.709143e+00	1.878560e+02	5.914410e-11	4.704957e-01	1.807650e+01	1.355738e+04
6.716250e+00	1.880550e+02	5.932128e-11	4.704868e-01	1.806927e+01	1.298316e+04
6.723357e+00	1.882540e+02	5.948653e-11	4.704781e-01	1.806572e+01	1.265287e+04
6.730464e+00	1.884530e+02	5.963858e-11	4.704689e-01	1.806362e+01	1.263361e+04
6.737571e+00	1.886520e+02	5.977571e-11	4.704593e-01	1.805969e+01	1.288572e+04
6.744679e+00	1.888510e+02	5.989572e-11	4.704498e-01	1.805268e+01	1.275420e+04
6.751786e+00	1.890500e+02	5.999743e-11	4.704406e-01	1.804418e+01	1.246919e+04
6.758893e+00	1.892490e+02	6.008119e-11	4.704318e-01	1.803709e+01	1.225111e+04
6.766000e+00	1.894480e+02	6.014561e-11	4.704230e-01	1.803263e+01	1.202896e+04
6.773107e+00	1.896470e+02	6.018946e-11	4.704138e-01	1.802967e+01	1.219627e+04
6.780214e+00	1.898460e+02	6.021174e-11	4.704044e-01	1.802451e+01	1.191454e+04
6.787321e+00	1.900450e+02	6.021260e-11	4.703951e-01	1.801731e+01	1.169446e+04
6.794429e+00	1.902440e+02	6.019378e-11	4.703859e-01	1.801075e+01	1.212448e+04
6.801536e+00	1.904430e+02	6.015770e-11	4.703767e-01	1.800555e+01	1.206798e+04
6.808643e+00	1.906420e+02	6.010507e-11	4.703673e-01	1.800059e+01	1.177284e+04
6.815750e+00	1.908410e+02	6.003707e-11	4.703579e-01	1.799493e+01	1.159157e+04
6.822857e+00	1.910400e+02	5.995463e-11	4.703486e-01	1.798915e+01	1.151359e+04
6.829964e+00	1.912390e+02	5.985996e-11	4.703393e-01	1.798370e+01	1.179077e+04
6.837071e+00	1.914380e+02	5.975477e-11	4.703299e-01	1.797731e+01	1.202770e+04
6.844179e+00	1.916370e+02	5.964013e-11	4.703208e-01	1.797056e+01	1.203093e+04
6.851286e+00	1.918360e+02	5.951891e-11	4.703121e-01	1.796481e+01	1.212453e+04
6.858393e+00	1.920350e+02	5.939288e-11	4.703034e-01	1.795973e+01	1.193026e+04
6.865500e+00	1.922340e+02	5.926328e-11	4.702947e-01	1.795482e+01	1.195089e+04
6.872607e+00	1.924330e+02	5.913221e-11	4.702858e-01	1.794962e+01	1.217432e+04
6.879714e+00	1.926320e+02	5.900164e-11	4.702767e-01	1.794421e+01	1.231984e+04
6.886821e+00	1.928310e+02	5.887244e-11	4.702673e-01	1.793858e+01	1.243576e+04
6.893929e+00	1.930300e+02	5.874543e-11	4.702581e-01	1.793177e+01	1.238335e+04
6.901036e+00	1.932290e+02	5.862210e-11	4.702491e-01	1.792446e+01	1.264908e+04
6.908143e+00	1.934280e+02	5.850415e-11	4.702403e-01	1.791923e+01	1.277370e+04
6.915250e+00	1.936270e+02	5.839391e-11	4.702312e-01	1.791552e+01	1.286455e+04
6.922357e+00	1.938260e+02	5.829117e-11	4.702218e-01	1.790949e+01	1.304210e+04
6.929464e+00	1.940250e+02	5.819709e-11	4.702125e-01	1.790138e+01	1.285641e+04
6.936571e+00	1.942240e+02	5.811363e-11	4.702035e-01	1.789529e+01	1.308588e+04
6.943679e+00	1.944230e+02	5.804224e-11	4.701945e-01	1.789167e+01	1.313092e+04
6.950786e+00	1.946220e+02	5.798148e-11	4.701855e-01	1.788711e+01	1.338359e+04
6.957893e+00	1.948210e+02	5.793249e-11	4.701765e-01	1.788079e+01	1.337578e+04
6.965000e+00	1.950200e+02	5.789504e-11	4.701675e-01	1.787380e+01	1.336925e+04
6.972107e+00	1.952190e+02	5.786954e-11	4.701583e-01	1.786637e+01	1.322004e+04
6.979214e+00	1.954180e+02	5.785615e-11	4.701490e-01	1.786007e+01	1.336676e+04
6.986321e+00	1.956170e+02	5.785596e-11	4.701397e-01	1.785444e+01	1.378063e+04
6.993429e+00	1.958160e+02	5.786762e-11	4.701306e-01	1.784712e+01	1.361994e+04
7.000536e+00	1.960150e+02	5.789046e-11	4.701215e-01	1.783932e+01	1.355648e+04
7.007643e+00	1.962140e+02	5.792371e-11	4.701126e-01	1.783101e+01	1.361373e+04
7.014750e+00	1.964130e+02	5.796686e-11	4.701040e-01	1.782273e+01	1.364303e+04
7.021857e+00	1.966120e+02	5.802052e-11	4.700955e-01	1.781713e+01	1.339233e+04
7.028964e+00	1.968110e+02	5.808443e-11	4.700871e-01	1.781487e+01	1.324269e+04
7.036071e+00	1.970100e+02	5.815654e-11	4.700781e-01	1.781324e+01	1.351436e+04
7.043179e+00	1.972090e+02	5.823573e-11	4.700687e-01	1.780889e+01	1.366781e+04
7.050286e+00	1.974080e+02	5.831928e-11	4.700591e-01	1.780132e+01	1.334140e+04
7.057393e+00	1.976070e+02	5.840734e-11	4.700499e-01	1.779282e+01	1.304889e+04
7.064500e+00	1.978060e+02	5.850000e-11	4.700409e-01	1.778596e+01	1.331371e+04
7.071607e+00	1.980050e+02	5.859624e-11	4.700320e-01	1.778117e+01	1.350253e+04
7.078714e+00	1.982040e+02	5.869497e-11	4.700230e-01	1.777669e+01	1.296772e+04
7.085821e+00	1.984030e+02	5.879570e-11	4.700137e-01	1.777143e+01	1.258178e+04
7.092929e+00	1.986020e+02	5.889531e-11	4.700043e-01	1.776515e+01	1.282706e+04
7.100036e+00	1.988010e+02	5.899321e-11	4.699950e-01	1.775752e+01	1.282611e+04
7.107143e+00	1.990000e+02	5.908855e-11	4.699860e-01	1.774956e+01	1.234531e+04
7.114250e+00	1.991990e+02	5.918043e-11	4.699772e-01	1.774316e+01	1.203761e+04
7.121357e+00	1.993980e+02	5.926789e-11	4.699684e-01	1.773856e+01	1.200557e+04
7.128464e+00	1.995970e+02	5.934994e-11	4.699595e-01	1.773470e+01	1.181841e+04
7.135571e+00	1.997960e+02	5.942593e-11	4.699506e-01	1.773086e+01	1.144174e+04
7.142679e+00	1.999950e+02	5.949480e-11	4.699416e-01	1.772656e+01	1.116034e+04
